说:728 242 485 323 404 350 377
柴:728 242 80 161 485
管:728 242 485 323 404
层:728 242 485 323 404
构:728 242 485 323 404
翻:728 242 80 161 485 323 404
千:728 242 485
亭:728 242 80 161 242 485
杨:728 242 485
堵:728 242 485 323 404
朝:728 242 80 161 107 134 485
腰:728 242 485 323 404
里:728 242 80 161 485
丑:728
于:728
侍:728 242 485 323 404
痹:728 242 485 323 404
焚:728 242 80 161 485
敝:728 242 485
哪:728 242 485 323 269 296 404
嫡:728 242 485 323 269 296 404 350 377 359 368
名:728 242 485
赌:728 242 485 323 404
挫:728 242 485 323 404 350 377
窥:728 242 80 161 485 323 404
瞎:728 242 485 323 269 296 404
唉:728 242 485 323 404 350 377
斑:728 242 485 728
绰:728 242 485 323 404 350 377
猎:728 242 485 323 404
扯:728 242 485
朋:728 242 485
扑:728 242 485
嚷:728 242 485 323 404 350 332 341 377 359 368 485
霓:728 242 485 323 404
摘:728 242 485 323 269 296 404 350 377 359 368
瑶:728 242 485 323 404
王:728 242 485
试:728 242 485 323 404
撮:728 242 485 323 404 350 377
蚊:728 242 485
镊:728 242 485 323 404 350 377
吞:728 242 80 161 485
惫:728 242 485 323 404
腹:728 242 485 323 404 485
斥:728 242 485
蔽:728 242 485 323 404
臭:728 242 485
讣:728 242 485
脐:728 242 485 323 404 350 377
酒:728 242 485
丈:728
辞:728 242 80 161 485 323 404
邦:728 242 485
绪:728 242 485 323 404
洼:728 242 485 323 404
少:728 242 485
乔:728 242 80 161 485 323 404
眉:728 242 485
铭:728 242 485 323 404
瞥:728 242 80 161 485
迈:728 242 485
亚:728 242 485
沈:728 242 485
泥:728 242 485 323 404
件:728 242 485
讨:728 242 485
絮:728 242 80 161 485
榆:728 242 485 323 269 296 404 350 377
毛:728 242 485 323 404
编:728 242 485 323 404 350 377
为:728
坯:728 242 485 323 404
覆:728 242 485 323 404 350 377 404
况:728 242 485 323 404
啼:728 242 485 323 269 251 260 296 404
门:728
魏:728 242 80 161 485
迁:728 242 485
衣:728 242 485
壁:728 242 80 26 53 161 107 134 485
曹:728 242 80 161 485
萎:728 242 485 323 404
疤:728 242 485
苑:728 242 485 323 404
病:728 242 485 323 404
倪:728 242 485 323 404
士:728 242 485
彪:728 242 80 161 485
响:728 242 485 323 269 296 404
披:728 242 485
墩:728 242 485 323 269 296 323 404
咯:728 242 485 323 404
饿:728 242 485
勿:728 242 485 323 404
彩:728 242 80 161 485
旺:728 242 485
缓:728 242 485 323 404 485 431 458
坛:728 242 485 323 404
吱:728 242 485 323 404
衅:728 242 80 161 485 323 404 350 377
兵:728 242 485
采:728 242 485
贤:728 242 80 161 485
舶:728 242 485
敲:728 242 80 161 242 188 215 485 323 404
撂:728 242 485 323 404 350 377
求:728 242 80 161 485
阮:728 242 485 323 404
阿:728 242 485 323 404
豹:728 242 485 323 404
沥:728 242 485 323 404
擅:728 242 485 323 269 296 278 287 404 350 377
任:728 242 485 323 404
戊:728
绵:728 242 485 323 404
帕:728 242 485
绥:728 242 485 323 404
蔑:728 242 80 161 485 323 404
计:728 242 485
擎:728 242 80 26 53 35 44 161 485
左:728 242 485
织:728 242 485 323 404
府:728 242 485 323 404
跃:728 242 80 161 485 323 404
喊:728 242 485 323 269 296 404
击:728 242 80 161 485
渣:728 242 485 323 404 350 377
叫:728 242 485
疾:728 242 485 323 404
抓:728 242 485
捌:728 242 485 323 269 296 404
糟:728 242 485 323 269 296 404
账:728 242 485
呵:728 242 485 323 404
洲:728 242 485
蝇:728 242 485 323 404
敬:728 242 80 161 107 134 485
暴:728 242 485 323 269 296 404
队:728 242 485
磊:728 242 485 323 404
跑:728 242 80 161 485 323 404
痰:728 242 485 323 404
抛:728 242 485 323 404
铸:728 242 485 323 404
剪:728 242 80 161 107 134 485
语:728 242 485 323 404
鬃:728 242 80 161 485 323 404
缨:728 242 485 323 269 296 404
翅:728 242 80 161 485 323 404
麦:728 242 485
夺:728 242 485
喳:728 242 485 323 404 350 377
摄:728 242 485 323 404 350 377
甸:728 242 485
酣:728 242 485
毡:728 242 485 323 404
丢:728 242 485 323 404
遂:728 242 485 323 404
惩:728 242 80 161 107 134 485
眼:728 242 485
佣:728 242 485 323 404 350 377
抱:728 242 485 323 404
蜡:728 242 485 323 404
唆:728 242 485 323 404 485
戈:728 242 485
肿:728 242 485
痈:728 242 485 323 404 350 377
衰:728 242 485 323 404 728
厌:728 242 485
轩:728 242 485
子:728
捏:728 242 485 323 404
瑰:728 242 485
她:728 242 485
魄:728 242 485
距:728 242 80 161 485
冗:728 242 485
碑:728 242 485 323 269 296 404
潜:728 242 485 323 269 296 404
爹:728 242 485 323 404
腿:728 242 485 323 404
乍:728
耍:728 242 485
行:728 242 485 323 404
桌:728 242 485 323 404
度:728 242 485 323 404
储:728 242 485 323 404 350 377
赃:728 242 485 323 404
落:728 242 485 323 404 350 377
括:728 242 485 323 404
窄:728 242 80 161 485
敏:728 242 80 161 485
孺:728 242 485 323 404
犹:728 242 485 323 404
舟:728
狄:728 242 485
靴:728 242 485 323 404 350 377
皿:728
匙:728 242 80 161 107 134 485
享:728 242 485 728
掩:728 242 485 323 404
忠:728 242 485
涡:728 242 485 323 404
董:728 242 485
曙:728 242 485 323 404 350 377
馆:728 242 485 323 404
娇:728 242 485 323 269 296 404 350 377
择:728 242 485 323 404 350 377
斩:728 242 485
状:728 242 485
膏:728 242 80 161 242 188 215 485
怯:728 242 485 323 404
虹:728 242 485
啡:728 242 485
羞:728 242 485
插:728 242 485 323 404
躁:728 242 80 161 485 323 269 296 278 287 404
拥:728 242 485 323 404 350 377
渡:728 242 485 323 404 350 377
薛:728 242 485 323 404 350 377
香:728 242 485
褪:728 242 485 323 404
晤:728 242 485 323 404
冻:728 242 485
卞:728 242 485
玄:728 242 485
抗:728 242 485 323 404
依:728 242 485
公:728 242 485
羹:728 242 80 26 53 161 485 323 269 296 404
祁:728 242 485
念:728 242 80 26 53 161 485
苏:728 242 485 323 404
噪:728 242 485 323 269 296 278 287 404
君:728 242 485
诫:728 242 485 323 404
诉:728 242 485
菱:728 242 485 323 404 485
蒜:728 242 485 323 404
早:728 242 485
毫:728 242 80 161 242 485
山:728
盲:728 242 485
逻:728 242 485 323 404
迂:728 242 485
炬:728 242 485
绅:728 242 485
另:728 242 485
佯:728 242 485
塑:728 242 80 26 53 35 44 161 485
狠:728 242 485
唐:728 242 485 323 404
琢:728 242 485
庐:728 242 485
冒:728 242 80 161 485
国:728 242 485
胞:728 242 485 323 404
农:728 242 485
倚:728 242 485 323 404 350 377
扰:728 242 485 323 404
淬:728 242 485 323 269 296 278 287 404
有:728 242 485
汝:728 242 485
痊:728 242 485 323 404
蛙:728 242 485 323 404
肺:728 242 485
涨:728 242 485 323 404
患:728 242 485
畸:728 242 485 323 404 350 377
统:728 242 485 323 269 296 404
廷:728 242 485 323 404
园:728 242 485 323 404
魂:728 242 80 161 485
拼:728 242 485 323 404 350 377
哗:728 242 485 323 269 296 278 287 404
舍:728 242 485 323 404
扭:728 242 485
撇:728 242 485 323 404
平:728 242 485
逾:728 242 485 323 269 296 404 350 377
咆:728 242 485 323 404
酶:728 242 485 323 404
徘:728 242 485
亿:728 242 485
森:728 242 485 323 404
邑:728 242 485
伶:728 242 485 323 269 296 404
止:728
钓:728 242 485 323 404
踩:728 242 80 161 485 323 404
吟:728 242 485 323 269 296 404
葵:728 242 485 323 404 350 377
历:728 242 485
棕:728 242 485 323 404
纳:728 242 485
企:728 242 485
汇:728 242 485
置:728 242 485 323 404 350 377
激:728 242 485 323 269 296 404
艇:728 242 485 323 404 350 377
捶:728 242 485
操:728 242 485 323 269 296 278 287 404
捆:728 242 485 323 404
昭:728 242 485 323 404
陕:728 242 485 323 404
且:728
笛:728 242 485
拭:728 242 485 323 404
结:728 242 485 323 404
往:728 242 485 323 404
寓:728 242 485
养:728 242 485 728 566 647
更:728 242 485 323 404
前:728 242 485 323 404
酿:728 242 485 323 404
扦:728 242 485
栗:728 242 485
宫:728 242 485 323 404
祸:728 242 485 323 404
避:728 242 485 323 269 296 404 350 377
伙:728 242 485
铜:728 242 485 323 269 296 404
磨:728 242 80 161 107 134 485
旱:728 242 485
谭:728 242 485 323 404 350 377
揉:728 242 485 323 404
喧:728 242 485 323 404 350 377 359 368
枝:728 242 485 323 404
防:728 242 485
殉:728 242 485 323 404
践:728 242 80 161 485
缕:728 242 485 323 404
糕:728 242 485 323 269 296 404
粪:728 242 485 323 404
茄:728 242 485 323 404
舒:728 242 80 161 107 134 485
侨:728 242 485 323 269 296 404 350 377
创:728 242 80 161 485
酥:728 242 485
灼:728 242 485 323 404
号:728 242 485
介:728 242 485 323 404
俺:728 242 485 323 404
视:728 242 485
鞋:728 242 485 323 404
贵:728 242 80 161 485
林:728 242 485
江:728 242 485
书:728
购:728 242 485 323 404
衔:728 242 485 728 566 647
可:728 242 485
户:728 242 485
扔:728 242 485
躲:728 242 485 323 404
梭:728 242 485 323 404 485
萌:728 242 485 323 404
沮:728 242 485
舷:728 242 485 323 404
搞:728 242 485 323 404 485 431 458
窝:728 242 80 161 485 323 404
共:728 242 485
锋:728 242 485 323 404
肘:728 242 485
耕:728 242 485
篇:728 242 485 323 404 350 377
瞩:728 242 485 323 404
莎:728 242 485 323 404 350 377
洋:728 242 485
泞:728 242 485 323 404
污:728 242 485 323 404
醚:728 242 485 323 404
愧:728 242 485
粘:728 242 485 323 404
定:728 242 485 323 404
枚:728 242 485
居:728 242 485 323 404
皑:728 242 485 323 404
狗:728 242 485 323 404
痛:728 242 485 323 404 350 377 359 368
枯:728 242 485 323 404
铀:728 242 485
偏:728 242 485 323 404 350 377
涪:728 242 485 323 404
聊:728 242 485
拜:728 242 485 323 404
占:728 242 485
笋:728 242 485
淑:728 242 485 323 269 296 404
供:728 242 485 323 404
荆:728 242 80 161 107 134 485
筏:728 242 485 323 404
勃:728 242 80 26 53 161 485
嫁:728 242 485 323 404
密:728 242 80 161 485
伴:728 242 485 323 404 350 377
掖:728 242 485 323 404 350 377 359 368
由:728
夷:728 242 485
玖:728 242 485
恤:728 242 485 323 404
市:728 242 485
脓:728 242 485 323 404
再:728 242 485
砰:728 242 485 323 404
蹋:728 242 80 161 485 323 404 350 377
俐:728 242 485 323 404
圭:728 242 485
贫:728 242 80 161 485
幂:728 242 80 161 107 134 485
溢:728 242 485 323 269 296 404
怜:728 242 485 323 269 296 404
宦:728 242 485
辑:728 242 485 323 404
村:728 242 485
梁:728 242 80 161 107 89 98 134 485
价:728 242 485 323 404 350 377
寨:728 242 80 161 107 134 242 485
娶:728 242 80 161 485
匪:728 242 485
琶:728 242 80 161 485
屈:728 242 485 323 269 296 404
刺:728 242 485
庶:728 242 485 323 404
掉:728 242 485 323 404 350 377
姚:728 242 485
则:728 242 485
誓:728 242 80 161 485
抉:728 242 485
刃:728 242 485
参:728 242 485 728
烷:728 242 485 323 404 350 377
叼:728 242 485
讹:728 242 485 323 404 350 377
坦:728 242 485 323 404
哈:728 242 485 323 269 296 404
剔:728 242 80 161 107 134 116 125 485
胎:728 242 485 323 404
幢:728 242 485 323 404
咋:728 242 485
虾:728 242 485
帅:728 242 80 161 485
钵:728 242 485
痔:728 242 485 323 404
悸:728 242 485 323 404
萝:728 242 485 323 404
弃:728 242 80 161 485
叁:728 242 485 728
煤:728 242 485 323 404
第:728 242 485 323 269 296 404
诸:728 242 485 323 404
捉:728 242 485 323 404
支:728 242 485
梳:728 242 485 323 269 296 404 350 377
肯:728 242 485
椰:728 242 485 323 404
萤:728 242 80 161 485
税:728 242 485 323 404 350 377
陨:728 242 485 323 404
久:728
蝶:728 242 485 323 404
卢:728 242 485
姨:728 242 485
多:728 242 485
权:728 242 485
术:728 242 485
翔:728 242 485 323 404
莉:728 242 485 323 404
洽:728 242 485 323 269 296 404
什:728 242 485
贱:728 242 485
起:728 242 80 161 485
姑:728 242 485 323 404
威:728 242 80 161 485
苯:728 242 485
困:728 242 485
竖:728 242 80 161 485
休:728 242 485
眯:728 242 485
肤:728 242 485
憨:728 242 80 26 53 161 485
惨:728 242 485 323 404 485
畦:728 242 485 323 404
镁:728 242 485 323 269 296 404
缠:728 242 485 323 404
壶:728 242 485 728
迄:728 242 485 323 404
美:728 242 80 161 485
釜:728 242 485 323 404
秸:728 242 485 323 404
劫:728 242 80 161 485
韧:728 242 485 323 404
染:728 242 80 161 485
疲:728 242 485
失:728 242 485
句:728 242 485
刷:728 242 80 161 485
脊:728 242 80 161 107 134 485
贴:728 242 485 323 404
悔:728 242 485 323 404
寺:728 242 485
寿:728 242 485
淀:728 242 485 323 404 350 377
几:728
毒:728 242 485
至:728 242 80 161 485
瘁:728 242 485 323 269 296 278 287 404
耻:728 242 485
癌:728 242 485 323 269 296 278 287 404
兢:728 242 80 26 53 161 485 323 269 296 404
傍:728 242 485 323 269 251 260 296 404
文:728 242 485
聪:728 242 485 323 269 296 404
满:728 242 485 323 404
轿:728 242 485 323 269 296 404 350 377
畴:728 242 485 323 404
却:728 242 80 161 485
遵:728 242 485 323 269 296 404
铂:728 242 485
樱:728 242 485 323 269 296 404
特:728 242 485 323 404
追:728 242 485
奔:728 242 485 323 404
逞:728 242 485 323 404
契:728 242 80 161 485
澳:728 242 485 323 269 251 260 296 404
易:728 242 485 323 404 350 377
搜:728 242 485 323 269 296 404
睛:728 242 485 323 404
跺:728 242 80 161 485 323 404
岩:728 242 485
厢:728 242 485 323 404
渤:728 242 485 323 269 251 260 296 404
围:728 242 485
伦:728 242 485 323 404
辅:728 242 485
室:728 242 485 323 269 296 404
桥:728 242 485 323 269 296 404 350 377
借:728 242 485 323 404
点:728 242 80 161 485
现:728 242 485
痞:728 242 485 323 404
焰:728 242 485 323 404
褂:728 242 485 323 269 296 404
拾:728 242 485 323 269 296 404
柠:728 242 485 323 404
纠:728 242 485
挨:728 242 485 323 404 350 377
给:728 242 485 323 269 296 404
们:728 242 485
校:728 242 485 323 404
咏:728 242 485
丸:728 242 485
寥:728 242 485 323 269 296 404 350 377
撬:728 242 485 323 404 350 377
运:728 242 485 323 404
苛:728 242 485 323 404
盟:728 242 80 161 485
屋:728 242 485 323 269 296 404
优:728 242 485 323 404
趴:728 242 80 161 485
烬:728 242 485 323 404
铆:728 242 485
衫:728 242 485
过:728 242 485
祖:728 242 485
贿:728 242 485 323 404
兄:728 242 485
谰:728 242 485 323 404
何:728 242 485 323 404
腐:728 242 80 161 107 134 485
恬:728 242 485 323 404
涌:728 242 485 323 404 350 377 359 368
会:728 242 485 323 404
哭:728 242 80 161 485
蜂:728 242 485 323 404
简:728 242 485 323 404
舀:728 242 485
碳:728 242 485 323 404 350 377
懊:728 242 485 323 269 251 260 296 404
痕:728 242 485
侈:728 242 485 323 404
镀:728 242 485 323 404 350 377
恫:728 242 485 323 269 296 404
强:728 242 485 323 404
昨:728 242 485
济:728 242 485 323 404 350 377
础:728 242 485 323 269 296 404
曲:728
勺:728 242 485
晾:728 242 485 323 404 485
墨:728 242 485
悦:728 242 485 323 404 350 377
浪:728 242 485 323 404
刮:728 242 80 161 485
耘:728 242 485 323 404
恕:728 242 80 161 485
已:728
玫:728 242 485
吻:728 242 485 323 404 350 377
误:728 242 485 323 404 350 377
酱:728 242 80 161 485
弹:728 242 485 323 404 350 377
虎:728 242 485
众:728 242 485 323 404
奈:728 242 485
咒:728 242 80 161 485
碍:728 242 485 323 269 296 404
菩:728 242 485 323 404
吏:728 242 485
适:728 242 485 323 404
剂:728 242 80 161 107 134 485
檬:728 242 485 323 404 350 377 404
冷:728 242 485 323 269 296 404
灶:728 242 485
袋:728 242 80 161 485
厚:728 242 485 323 404
纫:728 242 485 323 404
服:728 242 485 323 404
栋:728 242 485
焙:728 242 485 323 404
租:728 242 485
杭:728 242 485 323 404
字:728 242 485
辩:728 242 80 161 485 728 566 647
释:728 242 485 323 404 350 377
巡:728 242 485
浅:728 242 485
篓:728 242 485 323 404
属:728 242 485
湘:728 242 485 323 404
残:728 242 485
牧:728 242 485
粒:728 242 485
蚌:728 242 485
喷:728 242 485 323 269 296 404
乳:728 242 80 161 485
簿:728 242 485 323 404 350 377
抬:728 242 485 323 404
刑:728 242 80 161 485
韭:728 242 485
贬:728 242 485 323 404
拳:728 242 80 161 485
棉:728 242 485 323 404
查:728 242 485 323 404
枷:728 242 485 323 404
际:728 242 485
库:728 242 485
沿:728 242 485 323 404
蚜:728 242 485
付:728 242 485
凯:728 242 80 161 485
摔:728 242 485 323 269 251 260 296 278 287 404
戎:728 242 485
裴:728 242 485
咀:728 242 485
漠:728 242 485 323 404 350 377
甘:728
蛆:728 242 485
锡:728 242 485 323 404 350 377 359 368
沉:728 242 485 323 404
莹:728 242 80 161 485
技:728 242 485 323 404
得:728 242 485 323 269 296 404
冠:728 242 485 323 269 296 404
譬:728 242 80 26 53 161 107 134 485
夫:728 242 485
辫:728 242 80 161 485 728 566 647
弧:728 242 485
迭:728 242 485 323 404
丘:728
药:728 242 485 323 404 350 377
掠:728 242 485 323 404 485
兰:728 242 485
位:728 242 485
膘:728 242 485 323 404
轰:728 242 485 323 404
屉:728 242 485
蕊:728 242 485 323 404 350 377
近:728 242 485
闷:728 242 485
莆:728 242 485
单:728 242 485 323 404
镜:728 242 485 323 269 296 404
桂:728 242 485 323 404
今:728 242 80 161 485
杏:728 242 485
含:728 242 80 26 53 161 485
漏:728 242 485 323 404
凉:728 242 485 323 404 485
浓:728 242 485 323 404
油:728 242 485
屯:728 242 485 323 404
浑:728 242 485 323 404
峨:728 242 485
慢:728 242 485 323 404 485
索:728 242 80 161 485
想:728 242 80 161 485
蛤:728 242 485 323 269 296 404
陆:728 242 485 323 269 296 404
间:728 242 485
障:728 242 485 323 404 350 377
捕:728 242 485
像:728 242 485
搏:728 242 485 323 404
钳:728 242 485
差:728 242 485
研:728 242 485 323 404
埃:728 242 485 323 404 350 377
瘟:728 242 485 323 404
踏:728 242 80 161 485 323 404
脂:728 242 485 323 404
爆:728 242 485 323 404 350 332 341 377
掺:728 242 485 323 404 485
亮:728 242 80 161 242 485
狞:728 242 485 323 404
住:728 242 485 323 404
盼:728 242 485 323 404
绢:728 242 485 323 404
坏:728 242 485
锰:728 242 485 323 404
孤:728 242 485
例:728 242 485 323 404
戚:728 242 485 323 404
凋:728 242 485 323 404 350 377
眺:728 242 485
块:728 242 485
找:728 242 485
周:728 242 485 323 404
秃:728 242 485
荒:728 242 485 323 404 350 377
拖:728 242 485 323 404
秩:728 242 485 323 404
蛊:728 242 485
台:728 242 485
圾:728 242 485
禁:728 242 80 161 485
孜:728 242 485
问:728 242 485
代:728 242 485
侥:728 242 485 323 269 251 260 296 404
淹:728 242 485 323 404
届:728 242 485
值:728 242 485 323 404 350 377
杯:728 242 485
弊:728 242 80 161 485
执:728 242 485
慕:728 242 80 161 107 134 485
桓:728 242 485 323 404 350 377
受:728 242 80 161 485
俯:728 242 485 323 404 350 377
逼:728 242 485 323 269 296 404
苗:728 242 485
苫:728 242 485 323 404
履:728 242 485 323 404 350 377 404
寇:728 242 485 323 269 296 404 350 377
总:728 242 80 161 485
酬:728 242 485
旨:728 242 485
孽:728 242 80 161 107 134 116 125 485
筛:728 242 485 323 269 296 404 350 377
螟:728 242 485 323 404 350 377 359 368
溃:728 242 485 323 269 296 404
友:728 242 485
潘:728 242 485 323 404
吾:728 242 485
肇:728 242 80 161 485
羽:728 242 485
猪:728 242 485 323 404
谎:728 242 485 323 404 350 377 359 368
蔷:728 242 485 323 269 296 404 350 377
缉:728 242 485 323 404
路:728 242 80 161 485 323 404
挤:728 242 485 323 404 350 377
叭:728 242 485
沪:728 242 485
缝:728 242 485 323 404 350 377
蚀:728 242 485
半:728 242 485 323 404
莲:728 242 485 323 404
戍:728 242 485
廖:728 242 485 323 269 296 404 350 377
归:728 242 80 161 485
耽:728 242 485
材:728 242 485
缚:728 242 485 323 404
陀:728 242 485 323 404
勇:728 242 80 161 107 134 116 125 485
喀:728 242 485 323 404 350 377
树:728 242 485 323 404
下:728 242 485
请:728 242 485 323 404
蝴:728 242 485 323 269 296 404
矩:728 242 80 161 485
醇:728 242 485 323 404 485
剿:728 242 80 161 485
疵:728 242 485 323 404
贡:728 242 485
掷:728 242 485 323 269 296 278 287 404
努:728 242 80 161 485
疗:728 242 485
蜜:728 242 80 161 485
永:728
沫:728 242 485
机:728 242 485
犁:728 242 80 161 485
茂:728 242 485
帘:728 242 80 161 485
搐:728 242 485 323 269 296 404
潮:728 242 485 323 269 296 278 287 404
安:728 242 485
腺:728 242 485 323 404
逃:728 242 485
填:728 242 485 323 404 350 332 341 377
精:728 242 485 323 404
长:728
嘿:728 242 485
饱:728 242 485 323 404
煮:728 242 80 161 485
拌:728 242 485 323 404 350 377
侣:728 242 485 323 404
孕:728 242 485
檄:728 242 485 323 269 296 404
厉:728 242 485
蔗:728 242 485 323 404 350 377
苇:728 242 485
战:728 242 80 161 485
耙:728 242 485
愁:728 242 80 161 485
镑:728 242 485 323 269 251 260 296 404
关:728 242 485 323 404
本:728
甜:728 242 80 161 485
恨:728 242 485
晓:728 242 485 323 269 251 260 296 404
宿:728 242 485 323 404 350 377
滚:728 242 485 323 404 350 377 485
粕:728 242 485
瓣:728 242 80 161 485 728 566 647
根:728 242 485
票:728 242 485
巧:728 242 485
陡:728 242 485 323 404
碎:728 242 485 323 269 296 278 287 404
乏:728 242 485
寻:728 242 485
膳:728 242 485 323 269 296 404
倦:728 242 485 323 269 296 404
细:728 242 485
胚:728 242 485 323 404
直:728 242 485 323 404
监:728 242 80 161 107 134 485
妓:728 242 485 323 404
仲:728 242 485
芹:728 242 485
奄:728 242 485
邱:728 242 485
滓:728 242 485 323 404 350 377
均:728 242 485 323 404
茵:728 242 485 323 404
恩:728 242 80 161 485
母:728
案:728 242 80 161 485
加:728 242 485
肌:728 242 485
很:728 242 485
啦:728 242 485 323 404
沂:728 242 485
嚎:728 242 485 323 269 296 323 404
黔:728 242 485 323 269 296 404
宜:728 242 485
袜:728 242 485
巫:728 242 485 323 404
碉:728 242 485 323 404 350 377
悍:728 242 485 323 404
氯:728 242 485 323 404
秀:728 242 485
祟:728 242 80 26 53 161 485
撒:728 242 485 323 269 296 278 287 404
稠:728 242 485 323 404 350 377
涟:728 242 485 323 404
孔:728 242 485
轧:728 242 485
担:728 242 485 323 404
坝:728 242 485
崇:728 242 485 323 404
遣:728 242 485 323 269 296 404
揽:728 242 485 323 269 296 278 287 404
惦:728 242 485 323 404 350 377
瓶:728 242 80 161 107 134 485
用:728 242 485 323 404
碟:728 242 485 323 404
醉:728 242 485 323 269 296 278 287 404
蝉:728 242 485 323 404 350 377
稗:728 242 485 323 269 296 404
厄:728 242 485
蛇:728 242 485 323 404
佳:728 242 485 323 404
晶:728 242 485 323 404
槐:728 242 485
疟:728 242 485 323 404
摈:728 242 485 323 404 350 377
翰:728 242 80 161 107 134 485 323 404 350 377
达:728 242 485
眷:728 242 80 161 485
穷:728 242 80 161 485
韶:728 242 80 161 485 323 404
倔:728 242 485 323 404 350 332 341 377
律:728 242 485
腊:728 242 485 323 404
洒:728 242 485
么:728 242 485
侩:728 242 485 323 404 350 377
羌:728 242 485
绷:728 242 485 323 404
锈:728 242 485 323 404
豢:728 242 80 161 485
匿:728 242 485 323 404 350 377
闹:728 242 485 323 404
吐:728 242 485
誊:728 242 80 161 485
伯:728 242 485
晌:728 242 485 323 269 296 404
绍:728 242 485 323 404
渐:728 242 485 323 404
憾:728 242 485 323 269 251 260 296 404
滨:728 242 485 323 404 350 377
老:728 242 485
拈:728 242 485 323 404
楼:728 242 485 323 404
仇:728 242 485
垮:728 242 485 323 404 350 377
旁:728 242 80 26 53 161 485
智:728 242 80 26 53 161 485
补:728 242 485
速:728 242 485
凛:728 242 485 323 269 296 278 287 404
凭:728 242 80 161 107 134 485
朴:728 242 485
盐:728 242 80 161 485
凸:728
柑:728 242 485
蛹:728 242 485 323 404 350 377 359 368
宁:728 242 485
箍:728 242 485 323 404 350 377
仙:728 242 485
零:728 242 485 323 269 296 404
瞄:728 242 485 323 404
奢:728 242 485 323 404
氓:728 242 485
猜:728 242 485 323 404
菜:728 242 485 323 404
哆:728 242 485 323 404
贺:728 242 80 161 485
睫:728 242 485
瘩:728 242 485 323 404 350 332 341 377
绚:728 242 485 323 404
援:728 242 485 323 404 485 431 458
艘:728 242 485 323 269 296 404
允:728 242 485
哑:728 242 485
慧:728 242 80 26 53 161 485
簇:728 242 485 323 404 350 377 359 368
尉:728 242 80 161 485
畔:728 242 485 323 404 350 377
惹:728 242 80 161 107 134 485
右:728 242 485
键:728 242 485 323 404
小:728
打:728 242 485
持:728 242 485 323 404
惋:728 242 485 323 404 350 377
盈:728 242 80 161 485
错:728 242 485 323 404
辙:728 242 485 323 269 296 404 728
瘴:728 242 485 323 404 350 377
邪:728 242 485
苦:728 242 485 323 404
亏:728 242 485
酋:728 242 485
诽:728 242 485
涸:728 242 485 323 404 350 377
宇:728 242 485
蜗:728 242 485 323 404
巾:728
南:728 242 485 323 404 350 377
烹:728 242 80 161 242 485
炔:728 242 485
初:728 242 485
凡:728 242 485
级:728 242 485
炮:728 242 485 323 404
仔:728 242 485
辈:728 242 485
册:728
蒋:728 242 485 323 404 350 377
谈:728 242 485 323 404
幼:728 242 485
狙:728 242 485
寸:728
罗:728 242 485
知:728 242 80 161 485
辟:728 242 80 161 485 323 404
畅:728 242 485
考:728 242 485
醋:728 242 485 323 404
趾:728 242 80 161 485
纺:728 242 485
煎:728 242 80 161 107 134 485
陈:728 242 485
址:728 242 485
秋:728 242 485
鄙:728 242 80 161 242 188 215 485
贯:728 242 485
硅:728 242 485 323 404
囱:728 242 80 161 485
袖:728 242 485
苟:728 242 485 323 404
梗:728 242 485
恶:728 242 485
烂:728 242 485 323 404
戏:728 242 485
卜:728
雨:728 242 485 323 404 350 377 359 368
木:728
或:728 242 485 323 404
谜:728 242 485 323 404
菇:728 242 485 323 404 350 377
轴:728 242 485
拍:728 242 485
湿:728 242 485 323 404
瓢:728 242 80 161 485
宅:728 242 485 323 404
唁:728 242 485
链:728 242 485 323 404
佛:728 242 485
柔:728 242 485
筋:728 242 485 323 404
提:728 242 485 323 404 350 377
蓝:728 242 485 323 269 296 278 287 404
郊:728 242 80 161 485
闪:728 242 485
此:728 242 485
营:728 242 80 161 485 323 404
蹿:728 242 80 161 485 323 269 296 404
积:728 242 485 323 404
开:728 242 485
渠:728 242 80 161 485
灯:728 242 485
菏:728 242 485 323 404 350 377
泣:728 242 485
彝:728 242 485 323 404 728
藩:728 242 485 323 404 350 377
扶:728 242 485
玲:728 242 485 323 269 296 404
理:728 242 485
坐:728 242 485 323 404
吓:728 242 485
疼:728 242 485 323 404
襄:728 242 485 323 269 296 404 350 377 728
抄:728 242 485 323 404
瑚:728 242 485 323 269 296 404
锭:728 242 485 323 404 350 377
孙:728 242 485
画:728 242 485 323 404
甩:728 242 485 323 404
迸:728 242 485 323 404 350 377
童:728 242 485
秽:728 242 485 323 404
靡:728 242 80 161 107 134 485
玩:728 242 485 323 404
道:728 242 485 323 404
粤:728 242 80 26 53 161 485
缄:728 242 485 323 269 296 404
纬:728 242 485
菠:728 242 485 323 404
滥:728 242 485 323 269 296 278 287 404
芳:728 242 485
形:728 242 80 161 485
篙:728 242 485 323 404 485 431 458
鞭:728 242 485 323 404
型:728 242 80 26 53 161 485
讶:728 242 485
窟:728 242 80 161 485 323 404 350 332 341 377
羚:728 242 485 323 269 296 404
讫:728 242 485 323 404
竿:728 242 485
陶:728 242 485 323 404
肄:728 242 80 161 107 134 485
征:728 242 485 323 404
百:728 242 485
岔:728 242 80 161 485
晕:728 242 485 323 404
花:728 242 485 323 404 350 377
献:728 242 80 161 107 134 116 125 485
街:728 242 485 323 404 728 566 647
把:728 242 485
婆:728 242 80 161 485
炉:728 242 485
拇:728 242 485
撩:728 242 485 323 269 251 260 296 404
汪:728 242 485
箩:728 242 485 323 404
盂:728 242 485
散:728 242 80 161 107 134 485
卷:728 242 80 161 485
界:728 242 485 323 404 350 377
熄:728 242 485 323 404
忿:728 242 80 161 485
碗:728 242 485 323 404 350 377
燥:728 242 485 323 269 296 278 287 404
荷:728 242 485 323 404 350 377
庸:728 242 485 323 404
辖:728 242 485 323 269 296 404
首:728 242 485
稼:728 242 485 323 404
扼:728 242 485 323 404
洱:728 242 485
兑:728 242 485 323 404
时:728 242 485
非:728
窜:728 242 80 161 485
辐:728 242 485 323 269 296 404
韦:728
狂:728 242 485
唬:728 242 485 323 404
咽:728 242 485 323 404
议:728 242 485 323 404
助:728 242 485
搓:728 242 485 323 404
拄:728 242 485 323 404
午:728 242 485
蹦:728 242 80 161 485 323 404 350 377
愉:728 242 485 323 269 296 404 350 377
热:728 242 80 161 485
彤:728 242 485
蠕:728 242 485 323 404
脱:728 242 485 323 404 350 377
锤:728 242 485
述:728 242 485 323 404
盆:728 242 80 161 485
傀:728 242 485
缮:728 242 485 323 269 296 404
添:728 242 485 323 269 296 404
盔:728 242 80 161 485
无:728 242 485
厕:728 242 485 323 404
箱:728 242 485 323 404
吴:728 242 485 323 404
妆:728 242 485
吩:728 242 485 323 404
箭:728 242 485 323 404 350 377
漾:728 242 485 323 269 296 404
讼:728 242 485 323 404
迟:728 242 485
穴:728 242 485
瑞:728 242 485 323 404
敌:728 242 80 161 485
炯:728 242 485 323 404
人:728
砸:728 242 485 323 404
磅:728 242 485 323 269 251 260 296 404
赛:728 242 80 161 107 134 242 485
必:728 242 485
佬:728 242 485 323 404
彦:728 242 80 26 53 161 485
房:728 242 485
蜘:728 242 485 323 269 296 404
汐:728 242 485
类:728 242 485
儡:728 242 485 323 404 350 377
场:728 242 485
澡:728 242 485 323 269 296 278 287 404
呢:728 242 485 323 404
漫:728 242 485 323 404 485
中:728 242 485
微:728 242 485 323 269 296 323 404
翘:728 242 80 26 8 17 53 161 485 323 404
惯:728 242 485 323 404
始:728 242 485 323 404
胃:728 242 485
馅:728 242 485 323 404
秤:728 242 485 323 404
客:728 242 485 323 404
绸:728 242 485 323 404 350 377
肝:728 242 485
郑:728 242 80 161 107 134 485
仅:728 242 485
巳:728
乐:728
贰:728 242 485 323 404
惧:728 242 485 323 269 296 404
自:728
麻:728 242 485 323 404
进:728 242 485
绑:728 242 485 323 404
纷:728 242 485 323 404
皮:728
陵:728 242 485 323 404 485
剃:728 242 80 161 107 89 98 134 485
远:728 242 485 323 404
埂:728 242 485
终:728 242 485 323 404
诧:728 242 485 323 404 350 377
笆:728 242 485
宏:728 242 485 323 404
窗:728 242 80 161 485 323 269 296 404
纸:728 242 485
扎:728 242 485
慎:728 242 485 323 404 350 332 341 377
饵:728 242 485
尸:728
尖:728 242 485
荧:728 242 80 161 485
羔:728 242 80 161 485
宙:728 242 485
意:728 242 80 161 485
探:728 242 485 323 269 296 404
泰:728 242 485
蛾:728 242 485
觅:728 242 485
氛:728 242 485 323 404
足:728 242 485
回:728 242 485
掳:728 242 485 323 404
苹:728 242 485 323 404
帚:728 242 485 728
证:728 242 485 323 404
啄:728 242 485
撰:728 242 485 323 269 296 404 350 377
呼:728 242 485
窑:728 242 80 161 485
卓:728 242 485 323 404
丙:728 242 485
朵:728 242 485
令:728 242 80 161 485
焊:728 242 485 323 404
耶:728 242 485
尺:728
滋:728 242 485 323 404 350 377
盅:728 242 485
弛:728 242 485
胁:728 242 485 323 404
院:728 242 485 323 404 350 377
胡:728 242 80 161 485
忧:728 242 485 323 404
黍:728 242 485 323 404
产:728 242 80 161 485
率:728 242 80 26 53 161 107 134 485
删:728 242 485
葡:728 242 485 323 404
寞:728 242 485 323 404 350 377
好:728 242 485
扬:728 242 485
退:728 242 485
岁:728 242 485
砖:728 242 485
诗:728 242 485 323 404
课:728 242 485
疙:728 242 485 323 404
世:728
旦:728 242 485
聘:728 242 485 323 404
牵:728 242 485 728
四:728 242 485
巴:728
眠:728 242 485
戒:728 242 485
砂:728 242 485 323 404
让:728 242 485
虽:728 242 485
都:728 242 80 161 485
儿:728 242 485
复:728 242 485 728
磁:728 242 485 323 404 350 377
恿:728 242 80 161 107 134 116 125 485
叹:728 242 485
卡:728 242 485
搔:728 242 485 323 269 296 404
铃:728 242 485 323 269 296 404
怔:728 242 485 323 404
莽:728 242 80 161 485
愤:728 242 485 323 269 296 404
倒:728 242 485 323 269 251 260 296 404
币:728 242 485
湃:728 242 485 323 404 350 377
默:728 242 485
恃:728 242 485 323 404
旷:728 242 485
吃:728 242 485 323 404
蚁:728 242 485 323 404
昏:728 242 485
弘:728 242 485
蒂:728 242 485 323 269 251 260 296 404
势:728 242 80 161 485
盒:728 242 80 26 53 161 485
辽:728 242 485
畜:728 242 80 161 485
弱:728 242 80 161 485 323 404
史:728
轨:728 242 485
功:728 242 485
贮:728 242 485 323 404
咐:728 242 485 323 404
茧:728 242 485
墒:728 242 485 323 269 296 404 350 377 359 368
曼:728 242 485 728
谬:728 242 485 323 269 296 404 350 377
哉:728 242 80 161 485
洛:728 242 485 323 404
逆:728 242 485 323 404 350 377
塔:728 242 485 323 404 350 332 341 377
篡:728 242 80 161 242 485
锹:728 242 485 323 404
碰:728 242 485 323 404
隙:728 242 485 323 404 350 377
钒:728 242 485 323 404
塘:728 242 485 323 404 350 377
钠:728 242 485
翌:728 242 80 161 485
宠:728 242 485
境:728 242 485 323 269 296 404
放:728 242 485
控:728 242 485 323 269 296 404
甲:728
宝:728 242 485
译:728 242 485 323 404 350 377
害:728 242 80 161 485
泽:728 242 485 323 404 350 377
埔:728 242 485
秘:728 242 485
破:728 242 485
貉:728 242 485 323 404
鄂:728 242 80 26 53 161 107 134 485
卧:728 242 485
漂:728 242 485 323 404
和:728 242 485
仗:728 242 485
目:728
双:728 242 485
虏:728 242 485
整:728 242 80 161 485 323 404
皋:728 242 485 323 404
纪:728 242 485
檀:728 242 485 323 269 296 278 287 404 350 377
言:728
脯:728 242 485
荚:728 242 485 323 404
寂:728 242 485 323 269 296 404
溺:728 242 485 323 269 296 404 350 377
兽:728 242 80 161 485 728
舰:728 242 485
胯:728 242 485 323 404 350 377
眶:728 242 485 323 404
宣:728 242 485 323 404 350 377
动:728 242 80 161 485
绎:728 242 485 323 404 350 377
辕:728 242 485 323 269 296 404
胀:728 242 485
娟:728 242 485 323 404
种:728 242 485
蘑:728 242 485 323 269 296 278 287 404
神:728 242 485
普:728 242 80 161 485
帜:728 242 485 323 404
磋:728 242 485 323 404
奸:728 242 485
赊:728 242 485 323 404
仿:728 242 485
景:728 242 485 323 404 485
啤:728 242 485 323 269 296 404
渺:728 242 485 323 404 350 377
迪:728 242 485
底:728 242 485 323 404
估:728 242 485 323 404
磕:728 242 485 323 269 296 404
酌:728 242 485 323 404
呛:728 242 485 323 404
腕:728 242 485 323 404 350 377
帆:728 242 485 323 404
铝:728 242 485 323 404
莫:728 242 485 323 404
宛:728 242 485 323 404
垃:728 242 485
蛔:728 242 485 323 404
儒:728 242 485 323 404
灭:728 242 485
褒:728 242 485 323 404 350 377 728
手:728
护:728 242 485
梦:728 242 80 161 485
疽:728 242 485
表:728 242 485
虑:728 242 485
沛:728 242 485
牺:728 242 485
阐:728 242 485 323 404 350 377
年:728
辛:728 242 485
肪:728 242 485
恰:728 242 485 323 269 296 404
懂:728 242 485 323 404
暗:728 242 485 323 404
相:728 242 485
扇:728 242 485 323 404
悟:728 242 485 323 404
宰:728 242 485 323 404
每:728 242 485
粥:728 242 485 728
紫:728 242 80 161 485
帽:728 242 485 323 269 296 404
警:728 242 80 26 53 35 44 161 485
胶:728 242 485 323 404
霖:728 242 485 323 404
糯:728 242 485 323 404
夜:728 242 485 323 404 350 377
妊:728 242 485 323 404
掂:728 242 485 323 404 350 377
锅:728 242 485 323 404
空:728 242 80 161 485
哟:728 242 485 323 404 350 377
席:728 242 485 323 404
射:728 242 485
貌:728 242 485 323 404
枣:728 242 485
隧:728 242 485 323 404 350 377
裤:728 242 485 323 404
盎:728 242 485
疚:728 242 485
谅:728 242 485 323 404 485
怖:728 242 485 323 404
澜:728 242 485 323 404
镍:728 242 485 323 404
烽:728 242 485 323 404
邻:728 242 80 26 53 161 485
套:728 242 485
栽:728 242 80 161 485
鞍:728 242 485 323 404
狐:728 242 485
球:728 242 485
忙:728 242 485
黄:728 242 485 728
丰:728 242 485
只:728 242 485
猖:728 242 485 323 404
伞:728 242 485 323 404
镣:728 242 485 323 269 251 260 296 404
淳:728 242 485 323 404 485
松:728 242 485 323 404
翁:728 242 80 161 485 323 404
罩:728 242 485 323 404 350 377
取:728 242 485
墓:728 242 80 161 107 134 485
掘:728 242 485 323 404 350 332 341 377
脉:728 242 485
食:728 242 485 323 404
睦:728 242 485 323 269 296 404
夏:728 242 80 161 485
矣:728 242 485 323 404
赢:728 242 80 161 485 323 404 485 431 458
铁:728 242 485 323 404
渗:728 242 485 323 404 485
剁:728 242 80 161 485
皖:728 242 485 323 404 350 377
械:728 242 485 323 404
椿:728 242 485 323 404
策:728 242 485
办:728 242 485
晦:728 242 485 323 404
阵:728 242 485
主:728 242 485
揍:728 242 485 323 404 350 377
耿:728 242 485
抿:728 242 485
诵:728 242 485 323 404 350 377 359 368
吼:728 242 485 323 404
臻:728 242 80 26 53 161 485 323 404
秦:728 242 485
淖:728 242 485 323 404 350 377
白:728
损:728 242 485 323 404
瘸:728 242 485 323 269 296 404
柒:728 242 80 161 485
善:728 242 80 161 485
育:728 242 80 161 485
撞:728 242 485 323 404
官:728 242 485
忽:728 242 80 161 107 134 485
闻:728 242 485
佩:728 242 485 323 404 350 377
轮:728 242 485 323 404
钧:728 242 485 323 404
拎:728 242 485 323 269 296 404
迫:728 242 485
睹:728 242 485 323 404
坡:728 242 485
良:728 242 485
粟:728 242 485
红:728 242 485
陌:728 242 485 323 404
哮:728 242 485 323 404
奶:728 242 485
壮:728 242 485
哀:728 242 485 728
憋:728 242 80 161 485
拔:728 242 485 323 269 296 404
绒:728 242 485 323 404
棘:728 242 485
口:728
鼻:728 242 485 323 404
综:728 242 485 323 404
阜:728 242 485
潭:728 242 485 323 404 350 377
感:728 242 80 26 53 161 485
圆:728 242 485 323 404
闽:728 242 485
要:728 242 485
冲:728 242 485
臆:728 242 485 323 269 296 404
谚:728 242 485 323 269 251 260 296 404
沙:728 242 485 323 404
未:728
摆:728 242 485 323 404 350 377
泉:728 242 485
扛:728 242 485
岂:728 242 485
阻:728 242 485
藤:728 242 485 323 404 350 332 341 377
灵:728 242 485
刊:728 242 485
糜:728 242 80 161 107 134 485
酉:728
钥:728 242 485
爬:728 242 485
爷:728 242 485
货:728 242 80 161 107 134 485
逢:728 242 485 323 404
陷:728 242 485 323 404
夹:728 242 485
锌:728 242 485 323 404
族:728 242 485 323 404 350 377
粹:728 242 485 323 269 296 278 287 404
奉:728 242 485 323 404
泛:728 242 485 323 404
张:728 242 485
遭:728 242 485 323 269 296 404
排:728 242 485
淫:728 242 485 323 404 350 377
丹:728
踞:728 242 80 161 485 323 404 350 377
叔:728 242 80 161 485
忍:728 242 80 161 485
椽:728 242 485 323 404
教:728 242 80 161 485
宗:728 242 485
停:728 242 485 323 269 296 323 404
硬:728 242 485
靖:728 242 485 323 404
低:728 242 485 323 404
忆:728 242 485
招:728 242 485 323 404
因:728 242 485
贼:728 242 485 323 404
粉:728 242 485 323 404
个:728 242 485
判:728 242 80 161 107 134 485
庆:728 242 485
虫:728
拂:728 242 485
金:728 242 485 323 404
庞:728 242 485
籍:728 242 485 323 404 350 377
幕:728 242 80 161 107 134 485
讳:728 242 485
侗:728 242 485 323 269 296 404
奏:728 242 485 323 404
坊:728 242 485
怨:728 242 80 161 485
拉:728 242 485
益:728 242 80 161 485
云:728 242 485
锣:728 242 485 323 404
攘:728 242 485 323 404 350 332 341 377 359 368 485
匣:728 242 485
硫:728 242 485 323 269 296 404 350 377
秧:728 242 485
丽:728 242 485 323 269 296 404 350 377
吧:728 242 485
蠢:728 242 80 161 485 323 404
赋:728 242 485 323 269 296 404
巢:728 242 485
肥:728 242 485
膜:728 242 485 323 404 350 377
祈:728 242 485
锄:728 242 485 323 404
片:728
螺:728 242 485 323 404
桑:728 242 80 161 107 134 485
粮:728 242 485 323 404
枪:728 242 485 323 404
慑:728 242 485 323 404 350 377
匀:728 242 485
咖:728 242 485 323 404
湖:728 242 485 323 269 296 404
略:728 242 485 323 404
溯:728 242 485 323 269 296 278 287 404
昌:728 242 485
违:728 242 485
桐:728 242 485 323 269 296 404
环:728 242 485
华:728 242 80 161 107 134 485
沾:728 242 485 323 404
棚:728 242 485 323 404
唾:728 242 485
庭:728 242 485 323 404 350 377
符:728 242 485 323 404
配:728 242 485
怀:728 242 485
抒:728 242 485
竣:728 242 485 323 404 485
篮:728 242 485 323 269 296 278 287 404
苞:728 242 485 323 404
穆:728 242 485 323 269 296 404
纽:728 242 485
搪:728 242 485 323 404 350 377
坷:728 242 485 323 404
娜:728 242 485 323 269 296 404
诱:728 242 485 323 404
烫:728 242 80 161 485
殖:728 242 485 323 404 350 377
巩:728 242 485 323 404
元:728 242 485
音:728 242 485
坚:728 242 80 161 485
哲:728 242 80 161 485
嗜:728 242 485 323 269 296 404
嗓:728 242 485 323 269 296 278 287 404
财:728 242 485
茫:728 242 485 323 404
笨:728 242 485
融:728 242 80 161 242 188 170 179 215 197 206 485
瓮:728 242 80 161 485
哥:728 242 80 161 485 323 404
汰:728 242 485 323 404
钱:728 242 485
劝:728 242 485
汗:728 242 485
尼:728 242 485
柳:728 242 485
见:728
栈:728 242 485
叠:728 242 80 161 107 134 485 323 404
堕:728 242 80 161 107 134 485
雪:728 242 485
谣:728 242 485 323 404
嘘:728 242 485 323 404
燎:728 242 485 323 269 251 260 296 404
阳:728 242 485
伤:728 242 485 323 404
妮:728 242 485 323 404
淤:728 242 485 323 404 350 377
海:728 242 485 323 404
肾:728 242 80 161 485
奥:728 242 80 26 53 161 485
湍:728 242 485 323 404
琅:728 242 485 323 404
拢:728 242 485
搁:728 242 485 323 404 350 377
扣:728 242 485
绩:728 242 485 323 404
涯:728 242 485 323 404 350 377
菲:728 242 485
祝:728 242 485 323 404
菊:728 242 485 323 404
涩:728 242 485 323 269 296 404
幽:728 242 485 323 404
僚:728 242 485 323 269 251 260 296 404
这:728 242 485
婚:728 242 485 323 404
些:728 242 80 161 485
恳:728 242 485
瞅:728 242 485 323 404
葫:728 242 485 323 269 296 404
歪:728 242 485 323 404
深:728 242 485 323 269 296 404
妄:728 242 485
液:728 242 485 323 404 350 377 359 368
狱:728 242 485 728
数:728 242 80 161 485
游:728 242 485 323 404 350 377
婴:728 242 80 161 485
慈:728 242 80 161 107 134 485
等:728 242 485 323 404
禾:728 242 485
谊:728 242 485 323 404
革:728
酚:728 242 485 323 404
柱:728 242 485 323 404
漆:728 242 485 323 404 350 377
脾:728 242 485 323 269 296 404
挖:728 242 485 323 269 296 404
制:728 242 80 161 485
牌:728 242 485 323 269 296 404
肛:728 242 485
八:728
抚:728 242 485 323 404
呻:728 242 485
铲:728 242 485 323 269 296 404
志:728 242 485
务:728 242 485
突:728 242 80 161 485
仑:728 242 485
崖:728 242 485 323 404 350 377
明:728 242 485
临:728 242 485 323 269 296 404 350 377
哩:728 242 485
戮:728 242 80 26 53 161 107 134 485
交:728 242 485
挟:728 242 485 323 404
式:728 242 485
硒:728 242 485
艾:728 242 485
魔:728 242 80 161 107 134 485
挚:728 242 80 161 485
痢:728 242 485 323 404
晒:728 242 485
屎:728 242 485
芥:728 242 485 323 404 350 377
柬:728
露:728 242 485 323 269 296 404 350 377
掐:728 242 485 323 404
笼:728 242 485
烙:728 242 485 323 404
伪:728 242 485
俄:728 242 485
涵:728 242 485 323 404 350 377 359 368
咱:728 242 485
减:728 242 485 323 269 296 404
谩:728 242 485 323 404 485
怪:728 242 485 323 404
草:728 242 485 323 404
岭:728 242 485 323 269 296 404
埋:728 242 485
尊:728 242 80 161 485
砚:728 242 485
端:728 242 485 323 404
抵:728 242 485 323 404
呆:728 242 485
若:728 242 485 323 404
蒸:728 242 485 323 269 251 260 296 404
授:728 242 485 323 269 296 404
樟:728 242 485 323 404 350 377
姆:728 242 485
孟:728 242 485
蔓:728 242 485 323 404 485
仓:728 242 485
呐:728 242 485
刽:728 242 80 161 107 134 485
僵:728 242 485 323 269 296 404 350 377 485
镇:728 242 485 323 404 350 332 341 377
梧:728 242 485 323 404
弓:728
涧:728 242 485 323 404
峻:728 242 485 323 404 485
呀:728 242 485
建:728 242 485
饰:728 242 485 323 404
弦:728 242 485 323 404
侧:728 242 485 323 404
凌:728 242 485 323 404 485
太:728 242 485
狡:728 242 485 323 404
泳:728 242 485
它:728 242 485
齐:728 242 485 323 404
刘:728 242 485
勋:728 242 80 161 485
蔚:728 242 485 323 269 296 404
诀:728 242 485
霜:728 242 485 323 404
簧:728 242 485 323 404 485
匝:728 242 485
捐:728 242 485 323 404
辆:728 242 485
卑:728 242 80 161 485
武:728 242 80 161 485
彬:728 242 80 161 485
抹:728 242 485
绞:728 242 485 323 404
藉:728 242 485 323 404 350 377
呈:728 242 485
缩:728 242 485 323 404 350 377 359 368
悯:728 242 485 323 404
踊:728 242 80 161 485 323 404 350 377 359 368
踌:728 242 80 161 485 323 404
掣:728 242 80 26 53 161 485
缺:728 242 485
杆:728 242 485
妇:728 242 485
搂:728 242 485 323 404
递:728 242 485 323 404 350 332 341 377
师:728 242 80 161 485 323 404
铡:728 242 485 323 404
同:728 242 80 161 485
屡:728 242 485 323 404
络:728 242 485 323 404
三:728 242 485
邵:728 242 80 161 485
龙:728 242 80 161 485
走:728 242 485
佐:728 242 485 323 404
息:728 242 485
章:728 242 485 323 404
棵:728 242 485
组:728 242 485
拆:728 242 485
柄:728 242 485 323 404
尘:728 242 485
趁:728 242 80 161 485 323 404
晋:728 242 485
扮:728 242 485 323 404
做:728 242 485 323 269 296 404
仟:728 242 485
各:728 242 485
播:728 242 485 323 404
柏:728 242 485
域:728 242 485 323 404 350 377
阁:728 242 485 323 404
胖:728 242 485 323 404 350 377
转:728 242 485
恐:728 242 80 161 107 134 485
显:728 242 485
叮:728 242 485
也:728
挞:728 242 485 323 404
亨:728 242 485 728
皂:728 242 485
缆:728 242 485 323 269 296 278 287 404
哦:728 242 485
月:728
福:728 242 485 323 269 296 404
奇:728 242 485 323 404
挺:728 242 485 323 404 350 377
疥:728 242 485 323 404 350 377
蚤:728 242 80 161 485
效:728 242 80 161 485
包:728 242 485
装:728 242 80 161 485
惶:728 242 485 323 404
靛:728 242 80 161 485 323 404 350 377
傅:728 242 485 323 404
甫:728 242 80 161 485
慰:728 242 80 26 53 161 485
昧:728 242 485
钝:728 242 485
订:728 242 485
究:728 242 80 161 485
栓:728 242 485 323 404
烈:728 242 80 161 485
侠:728 242 485 323 404
乞:728 242 485
伸:728 242 485
末:728
标:728 242 485
物:728 242 485 323 404 350 377
喇:728 242 485 323 404
尽:728 242 485
饶:728 242 485 323 269 251 260 296 404
屹:728 242 485 323 404
爱:728 242 80 161 485 323 404
寄:728 242 485 323 404 350 377
趣:728 242 80 161 485 323 404
戴:728 242 80 161 485 323 404 350 377
邓:728 242 485
哎:728 242 485 323 404
遍:728 242 485 323 404 350 377
快:728 242 485
掸:728 242 485 323 404 350 377
栅:728 242 485
修:728 242 80 161 485 323 404
超:728 242 80 161 485 323 404
岸:728 242 485 323 404
溅:728 242 485 323 404
访:728 242 485
廓:728 242 485 323 269 296 323 404
立:728 242 80 161 485
瑟:728 242 80 161 485
隘:728 242 485 323 269 296 404
泅:728 242 485 323 404
牙:728
桨:728 242 80 161 485
吕:728 242 485
大:728 242 485
虚:728 242 485
乒:728 242 485
杜:728 242 485
塌:728 242 485 323 404 350 377
募:728 242 80 161 107 134 485
妨:728 242 485
蹄:728 242 80 161 485 323 269 251 260 296 404
锗:728 242 485 323 404
贷:728 242 80 161 485
还:728 242 485
渍:728 242 485 323 404
束:728
拴:728 242 485 323 404
庙:728 242 485
婶:728 242 485 323 404
韩:728 242 80 161 107 134 485
谴:728 242 485 323 404 350 332 341 377
灸:728 242 485
匹:728 242 485
程:728 242 485 323 404
惮:728 242 485 323 404 350 377
所:728 242 80 161 485
冶:728 242 485 323 404
酵:728 242 485 323 404
邮:728 242 485
银:728 242 485
擂:728 242 485 323 404
宋:728 242 485
岿:728 242 485 323 269 296 404
缸:728 242 485
媒:728 242 485 323 404
薄:728 242 485 323 404 350 377
尤:728 242 485
剧:728 242 80 161 107 134 485
垒:728 242 80 161 107 134 485
膀:728 242 485 323 269 251 260 296 404
挂:728 242 485 323 404
罕:728 242 80 161 485
萄:728 242 485 323 404
内:728 242 485
楞:728 242 485 323 404
敦:728 242 80 161 242 485
商:728 242 80 161 485 323 404 350 377
宾:728 242 485 323 404
浙:728 242 485 323 404
阎:728 242 485 323 404
抢:728 242 485 323 404
烩:728 242 485 323 404 350 377
嘲:728 242 485 323 269 296 278 287 404
但:728 242 485 323 404
溪:728 242 485 323 404 350 377
镐:728 242 485 323 404 485 431 458
遇:728 242 485
忱:728 242 485
堰:728 242 485 323 404 350 377
肩:728 242 485
泊:728 242 485
奠:728 242 80 161 485
玻:728 242 485
肮:728 242 485 323 404
揪:728 242 485 323 404
棱:728 242 485 323 404 485
青:728 242 485
馒:728 242 485 323 404 485
李:728 242 485
妒:728 242 485
狮:728 242 485 323 269 296 404 350 377
敢:728 242 80 161 485
合:728 242 80 161 485
映:728 242 485
勤:728 242 80 161 107 134 485
抽:728 242 485
袒:728 242 485 323 404
躇:728 242 80 161 485 323 404 350 377
汁:728 242 485
滴:728 242 485 323 269 296 404 350 377 359 368
真:728 242 485 323 269 296 404
徽:728 242 485 323 269 296 323 404
崭:728 242 485 323 404
又:728
舱:728 242 485 323 404
慌:728 242 485 323 404 350 377 359 368
亩:728 242 485
摩:728 242 80 161 107 134 485
寒:728 242 80 161 107 134 242 485
狸:728 242 485
便:728 242 485
墙:728 242 485 323 269 296 404 350 377
故:728 242 80 161 485
佃:728 242 485
烟:728 242 485 323 404
仍:728 242 485
棺:728 242 485 323 404
池:728 242 485
纯:728 242 485
滤:728 242 485 323 404
督:728 242 80 26 53 161 485
波:728 242 485
扒:728 242 485
固:728 242 485 323 404
桶:728 242 485 323 404 350 377 359 368
并:728 242 485 323 404
锚:728 242 485 323 404
肆:728 242 485
丫:728 242 485
碌:728 242 485 323 404
舔:728 242 80 161 485 323 269 296 404
培:728 242 485 323 404
将:728 242 485 323 404
墅:728 242 80 161 485
槛:728 242 485 323 269 296 278 287 404
针:728 242 485
调:728 242 485 323 404 350 377
据:728 242 485 323 404 350 377
罢:728 242 485 323 404
蹈:728 242 80 161 485 323 404
歼:728 242 485
斧:728 242 485
撼:728 242 485 323 269 251 260 296 404
债:728 242 485 323 404
哄:728 242 485 323 404
帧:728 242 485 323 404
耳:728
移:728 242 485 323 404
京:728 242 485 728
裂:728 242 80 161 485
媳:728 242 485 323 404
扩:728 242 485
衷:728 242 485 728
嫂:728 242 485 323 269 296 404
乱:728 242 80 161 485
袱:728 242 485 323 404
谓:728 242 485 323 404
殆:728 242 485 323 404
荔:728 242 485 323 404 350 377
上:728 242 485
泄:728 242 485
孝:728 242 485
斋:728 242 485
垫:728 242 80 161 485
握:728 242 485 323 404 350 332 341 377
祷:728 242 485 323 404
谤:728 242 485 323 269 251 260 296 404
玉:728 242 485
纹:728 242 485
使:728 242 485
钾:728 242 485
炭:728 242 485 323 404
籽:728 242 485
弟:728 242 485 323 269 296 404
涅:728 242 485 323 404
详:728 242 485
芽:728 242 485
醛:728 242 485 323 404 350 377
葬:728 242 485 323 404 728
恭:728 242 80 161 485
绽:728 242 485 323 404 350 377
地:728 242 485
裹:728 242 485 728
钟:728 242 485
流:728 242 485 323 269 296 404 350 377
拿:728 242 80 26 53 161 485
决:728 242 485
斌:728 242 485 323 269 296 404
巷:728 242 80 161 485
夯:728 242 485
井:728
厂:728
润:728 242 485 323 404
图:728 242 485 323 404
诲:728 242 485 323 404
论:728 242 485 323 404
责:728 242 485
赁:728 242 80 161 107 134 485
横:728 242 485 323 404 485
够:728 242 80 161 485 323 404
蛀:728 242 485 323 404
阉:728 242 485 323 404
傣:728 242 485 323 404
被:728 242 485
囤:728 242 485
诺:728 242 485 323 404 350 377
谱:728 242 485 323 269 296 404
矽:728 242 485
伎:728 242 485 323 404
幅:728 242 485 323 269 296 404
奎:728 242 485 323 404
妥:728 242 485
疮:728 242 485 323 404
摸:728 242 485 323 404 350 377
伐:728 242 485
氏:728
是:728 242 485 323 404
疡:728 242 485
记:728 242 485
尾:728 242 485
冰:728 242 485
封:728 242 80 161 485
琉:728 242 485 323 269 296 404 350 377
饯:728 242 485
砌:728 242 485 323 404
吉:728 242 485
狭:728 242 485 323 404
架:728 242 80 161 485
载:728 242 80 161 485
胺:728 242 485 323 404
古:728 242 485
父:728 242 485
按:728 242 485 323 404
粗:728 242 485
及:728
衙:728 242 485 323 404 728 566 647
身:728
滔:728 242 485 323 404
堡:728 242 80 161 107 134 485
钻:728 242 485 323 404
拒:728 242 485
约:728 242 485 323 404
彻:728 242 485 323 404
幸:728 242 485 323 404
舅:728 242 485 323 404
匆:728 242 80 161 107 134 485
富:728 242 485 323 269 296 404
臼:728
沁:728 242 485
柞:728 242 485
塞:728 242 80 161 107 134 242 485
陪:728 242 485 323 404
鬼:728 242 80 161 485 323 404
影:728 242 80 161 107 134 161 485
丛:728 242 80 161 485
酝:728 242 485 323 404
汉:728 242 485
获:728 242 485 323 404
社:728 242 485
思:728 242 485
愈:728 242 80 26 53 161 107 134 485
甭:728 242 485 323 404 350 377
凤:728 242 485
眩:728 242 485 323 404
瓜:728
野:728 242 485
省:728 242 80 161 485
筹:728 242 485 323 404
独:728 242 485
氮:728 242 485 323 404
豫:728 242 485
沧:728 242 485 323 404
极:728 242 485
事:728
西:728 242 485 323 404
庄:728 242 485
沃:728 242 485 323 404
屏:728 242 485 323 404 350 377
贪:728 242 80 26 53 161 485
连:728 242 485
咬:728 242 485 323 404
朔:728 242 80 161 107 134 485
牟:728 242 485
灿:728 242 485
询:728 242 485 323 404
翠:728 242 80 161 485 323 269 296 278 287 404
汤:728 242 485
啃:728 242 485 323 404
遥:728 242 485 323 404
篷:728 242 485 323 404 350 377
氨:728 242 485 323 404
某:728 242 485
胳:728 242 485 323 404
替:728 242 80 161 485
透:728 242 485 323 404
敷:728 242 80 161 485
切:728 242 485
婉:728 242 485 323 404 350 377
硼:728 242 485 323 404
贝:728
样:728 242 485
阑:728 242 485
乾:728 242 80 161 107 134 485 323 404
咸:728 242 80 161 485
裔:728 242 485 323 404 350 377
钙:728 242 485
栖:728 242 485
铱:728 242 485
棒:728 242 485 323 404 350 377
审:728 242 485
的:728 242 485 323 404
粱:728 242 80 161 107 89 98 134 485
娘:728 242 485 323 404
寡:728 242 485 323 404 728 566 647
嘎:728 242 485 323 269 296 404
捅:728 242 485 323 404 350 377 359 368
裁:728 242 80 161 485
沦:728 242 485 323 404
接:728 242 485 323 404
鞠:728 242 485 323 404
框:728 242 485 323 404
旭:728 242 485
浆:728 242 80 161 485
笺:728 242 485
郡:728 242 80 161 485
床:728 242 485
榜:728 242 485 323 269 251 260 296 404
军:728 242 485
番:728 242 485
鉴:728 242 80 161 107 134 485
芬:728 242 485 323 404
钞:728 242 485 323 404
嗡:728 242 485 323 269 296 404 350 377
部:728 242 80 161 485
曳:728
九:728
茸:728 242 485
妖:728 242 485 323 404
袭:728 242 485
帮:728 242 80 161 485
芜:728 242 485 323 404
附:728 242 485 323 404
酪:728 242 485 323 404
沼:728 242 485 323 404
锑:728 242 485 323 404 350 332 341 377
示:728
汞:728 242 485
扫:728 242 485
泡:728 242 485 323 404
疆:728 242 80 161 485 323 269 296 404 350 377 485
症:728 242 485 323 404
英:728 242 485
挑:728 242 485
源:728 242 485 323 404 350 377
暑:728 242 485 323 404
吊:728 242 485
答:728 242 485 323 269 296 404
飞:728
火:728 242 485
限:728 242 485
忌:728 242 485
坑:728 242 485 323 404
衍:728 242 485 728 566 647
随:728 242 485 323 404 350 377
乎:728
逛:728 242 485 323 404
耪:728 242 485 323 269 251 260 296 404
怂:728 242 80 161 485
罚:728 242 485 323 404
圈:728 242 485 323 269 296 404
氧:728 242 485
女:728
巍:728 242 485 323 269 296 404
怠:728 242 80 161 485
郁:728 242 80 161 485
仁:728 242 485
臂:728 242 80 26 53 161 107 134 485
器:728 242 80 161 485 728 566 647
申:728
狼:728 242 485 323 404
柜:728 242 485
阀:728 242 485 323 404
愚:728 242 485
摹:728 242 80 161 107 134 485
帖:728 242 485 323 404
矗:728 242 80 161 107 134 485 323 269 296 278 287 404 350 377 359 368
讥:728 242 485
寐:728 242 485 323 404
烧:728 242 485 323 269 251 260 296 404
襟:728 242 485 323 269 296 404
纂:728 242 80 161 242 485
待:728 242 485 323 404
迢:728 242 485 323 404
馈:728 242 485 323 269 296 404
绊:728 242 485 323 404 350 377
钎:728 242 485
阔:728 242 485 323 404 350 377
僻:728 242 485 323 269 296 404 350 377
堑:728 242 80 161 485
吭:728 242 485 323 404
擞:728 242 485 323 269 296 404
圃:728 242 485
饼:728 242 485 323 404 350 377
磺:728 242 485 323 404 485
灰:728 242 485
氰:728 242 485 323 404
薯:728 242 485 323 404 350 377
揖:728 242 485 323 404
跨:728 242 80 161 485 323 404 350 377
血:728 242 485
注:728 242 485 323 404
专:728
化:728 242 485 323 404
垣:728 242 485 323 404 350 377
高:728 242 485 728 566 647
翼:728 242 80 161 485 323 404 350 377
铺:728 242 485
牛:728
挎:728 242 485 323 404 350 377
禹:728
对:728 242 485
歹:728 242 485
托:728 242 485 323 404
哺:728 242 485
荡:728 242 485 323 404
铰:728 242 485 323 404
沸:728 242 485
河:728 242 485 323 404
家:728 242 485
胆:728 242 485 323 404
肠:728 242 485
橇:728 242 485 323 404 350 377
处:728 242 485
卒:728 242 80 161 107 134 485
东:728
愿:728 242 80 161 107 134 485
宴:728 242 485 323 404
灾:728 242 485
著:728 242 485 323 404
去:728 242 485
稻:728 242 485 323 404
利:728 242 485
笔:728 242 485
绕:728 242 485 323 269 251 260 296 404
演:728 242 485 323 404 350 377 404
暖:728 242 485 323 404 485 431 458
昼:728 242 485 323 404
导:728 242 485
墟:728 242 485 323 404
重:728
天:728 242 485
捻:728 242 485 323 269 251 260 296 404
他:728 242 485
赶:728 242 80 161 485
潞:728 242 485 323 269 296 404 350 377
饺:728 242 485 323 404
央:728
酸:728 242 485 323 404 485
绣:728 242 485 323 404
悼:728 242 485 323 404 350 377
暮:728 242 80 161 107 134 485
箔:728 242 485 323 404
捞:728 242 485 323 269 296 404
政:728 242 80 161 485
埠:728 242 485 323 404
紧:728 242 80 161 485
耐:728 242 485
萨:728 242 485 323 404 350 332 341 377
厅:728 242 485
奴:728 242 485
范:728 242 485 323 404
闸:728 242 485
县:728 242 485
跋:728 242 80 161 485 323 269 296 404
崩:728 242 485 323 404
谨:728 242 485 323 404 350 377
联:728 242 485 323 404 350 377
蚕:728 242 80 161 485
奋:728 242 485
格:728 242 485 323 404
蜀:728 242 485 323 404
仆:728 242 485
淡:728 242 485 323 404
悬:728 242 80 161 485
戌:728 242 485
霉:728 242 485 323 404
腑:728 242 485 323 404 350 377
拯:728 242 485 323 269 296 404
嘛:728 242 485 323 404 350 377
迷:728 242 485
航:728 242 485 323 404
琼:728 242 485 323 404 485
叉:728 242 485
作:728 242 485
冉:728
训:728 242 485
从:728 242 485
模:728 242 485 323 404 350 377
认:728 242 485
津:728 242 485
寅:728 242 485 323 404 485
跟:728 242 80 161 485
铬:728 242 485 323 404
尿:728 242 485
豺:728 242 485
摇:728 242 485 323 404
体:728 242 485
带:728 242 485 728
捷:728 242 485
牢:728 242 485
清:728 242 485 323 404
淄:728 242 485 323 404
掏:728 242 485 323 404
胰:728 242 485
垦:728 242 485
窘:728 242 80 161 485 323 404
袍:728 242 485 323 404
哇:728 242 485 323 404
竞:728 242 485 323 404
稿:728 242 485 323 404 485 431 458
炽:728 242 485 323 404
惭:728 242 485 323 404
脏:728 242 485 323 404
改:728 242 485
钩:728 242 485 323 404
壕:728 242 485 323 269 296 323 404
旬:728 242 485
翱:728 242 80 161 107 134 485 323 404
佰:728 242 485 323 404
楔:728 242 485 323 269 296 404
析:728 242 485
工:728
秆:728 242 485
闰:728 242 485
刨:728 242 80 161 485
滞:728 242 485 323 404 485
罪:728 242 485
备:728 242 485
烁:728 242 485
召:728 242 485
痒:728 242 485
充:728 242 80 161 485
米:728
亢:728 242 485
垛:728 242 485 323 404
圣:728 242 485
赐:728 242 485 323 404 350 377 359 368
凑:728 242 485 323 404 350 377
瞒:728 242 485 323 404
盘:728 242 485
瞳:728 242 485 323 404
繁:728 242 80 26 53 161 485
荫:728 242 485 323 404
嫉:728 242 485 323 404 350 377
启:728 242 485
描:728 242 485 323 404
浇:728 242 485 323 269 251 260 296 404
凹:728
悉:728 242 485
遮:728 242 485 323 404 350 377
禄:728 242 485 323 404
琳:728 242 485 323 404
隋:728 242 485 323 269 296 404
曰:728
函:728 242 485 323 404 350 377
杰:728 242 485
峰:728 242 485 323 404
聋:728 242 485
伟:728 242 485
声:728 242 485
跳:728 242 80 161 485
粳:728 242 485
态:728 242 80 161 485
偶:728 242 485
券:728 242 80 161 485
艺:728 242 485
伍:728 242 485
吨:728 242 485
列:728 242 485
腮:728 242 485 323 404
吠:728 242 485
蕾:728 242 485 323 404
缴:728 242 485 323 269 296 404
糊:728 242 485 323 269 296 404
群:728 242 80 161 485
芒:728 242 485
报:728 242 485 323 404
情:728 242 485 323 404
沟:728 242 485 323 404
郭:728 242 80 161 242 485
俱:728 242 485 323 269 296 404
爪:728
篆:728 242 485 323 404
蜕:728 242 485 323 404 350 377
到:728 242 80 26 53 161 485
指:728 242 485 323 404
肋:728 242 485
诈:728 242 485
茁:728 242 485 323 269 296 404
剖:728 242 80 161 485
拱:728 242 485 323 404
潦:728 242 485 323 269 251 260 296 404
叶:728 242 485
较:728 242 485 323 404
乡:728
逊:728 242 485 323 404
韵:728 242 80 161 485 323 404
哼:728 242 485 323 404 485
诣:728 242 485 323 404
躬:728 242 485
田:728
碴:728 242 485 323 404 350 377
烛:728 242 485
看:728 242 485
纱:728 242 485 323 404
壬:728 242 485
一:728
施:728 242 485 323 404
梅:728 242 485 323 404
嗅:728 242 485 323 404
恒:728 242 485 323 404 350 377
量:728 242 80 161 485
矢:728 242 485
靳:728 242 485
原:728 242 485 323 404
蓬:728 242 485 323 404 350 377
勒:728 242 485
俞:728 242 80 161 485 323 404
季:728 242 485
帝:728 242 80 26 53 161 485
垄:728 242 485
姻:728 242 485 323 404
逐:728 242 485
囊:728 242 80 161 485 728 566 512 494 503 539 521 530 647
惜:728 242 485 323 404
攻:728 242 485
藐:728 242 485 323 404 350 377
赣:728 242 80 161 107 134 485 323 404 350 377
瘪:728 242 485 323 404 350 377
盖:728 242 80 161 485
望:728 242 80 161 485
着:728 242 485
十:728
舌:728 242 485
抨:728 242 485 323 404
盯:728 242 485
殃:728 242 485
郧:728 242 80 161 485
霸:728 242 485 323 404
邯:728 242 485
耗:728 242 485
珐:728 242 485 323 404
盏:728 242 485
乓:728 242 485
凿:728 242 485 323 404 350 377
茅:728 242 485
孰:728 242 80 161 242 485
狈:728 242 485
妹:728 242 485
烤:728 242 485 323 404
挝:728 242 485 323 404
压:728 242 485 323 404
紊:728 242 485
峙:728 242 485 323 404
押:728 242 485
泵:728 242 485
窒:728 242 80 161 485 323 269 296 404
送:728 242 485 323 404 350 377
镶:728 242 485 323 404 350 332 341 377 359 368 485
否:728 242 485
皇:728 242 485
泌:728 242 485
姐:728 242 485
那:728 242 80 161 485
矾:728 242 485 323 404
梯:728 242 485 323 404 350 332 341 377
闭:728 242 485
完:728 242 485 323 404
喻:728 242 485 323 269 296 404 350 377
碱:728 242 485 323 269 296 404
咕:728 242 485 323 404
嘱:728 242 485 323 404
布:728 242 485
礼:728 242 485
植:728 242 485 323 404 350 377
拐:728 242 485 323 404
洁:728 242 485 323 404
汕:728 242 485
诊:728 242 485 323 404
妙:728 242 485 323 404
炎:728 242 485
俊:728 242 485 323 404 485
吵:728 242 485 323 404
膝:728 242 485 323 404 350 377
川:728
委:728 242 485
藻:728 242 485 323 404 350 332 341 335 338 377
猛:728 242 485 323 404
懦:728 242 485 323 404
膊:728 242 485 323 404
炳:728 242 485 323 404
串:728 242 80 161 485
娥:728 242 485
拧:728 242 485 323 404
腻:728 242 485 323 404 350 377
猫:728 242 485 323 404
心:728
矿:728 242 485
洪:728 242 485 323 404
毯:728 242 485 323 404
堤:728 242 485 323 404 350 377
外:728 242 485
碧:728 242 80 161 485
缔:728 242 485 323 269 251 260 296 404
腋:728 242 485 323 404 350 377 359 368
坪:728 242 485 323 404
氟:728 242 485
医:728 242 485 323 404
猿:728 242 485 323 269 296 404
葱:728 242 485 323 269 251 260 254 257 296 404
浦:728 242 485
谋:728 242 485 323 404
贾:728 242 485
矮:728 242 80 161 485 323 404
蓑:728 242 485 323 404 350 377 485
闺:728 242 485 323 404
座:728 242 485 323 404 350 377
倡:728 242 485 323 404
站:728 242 485 323 404
吸:728 242 485
划:728 242 485
阅:728 242 485 323 404 350 377
桔:728 242 485 323 404
厘:728 242 485
入:728
剐:728 242 80 161 485
雹:728 242 485 323 404
副:728 242 80 26 53 161 485
倍:728 242 485 323 404
算:728 242 485 323 404
啊:728 242 485 323 404 350 377
聚:728 242 80 161 485
咎:728 242 80 161 485
吝:728 242 485
冬:728 242 485
矫:728 242 80 161 485 323 269 296 404 350 377
脚:728 242 485 323 269 296 404
辜:728 242 80 161 485 323 404
肉:728
引:728 242 485
舵:728 242 485 323 404
帛:728 242 485
榨:728 242 485 323 269 296 404
治:728 242 485 323 404
勾:728 242 485
晴:728 242 485 323 404
坍:728 242 485
栏:728 242 485 323 404
闲:728 242 485
煌:728 242 485 323 404
茹:728 242 485 323 404
婪:728 242 80 161 485
钉:728 242 485
分:728 242 485
餐:728 242 80 161 485
割:728 242 80 26 53 161 485
枉:728 242 485
识:728 242 485 323 404
滇:728 242 485 323 404 350 332 341 377
怎:728 242 485
观:728 242 485
涝:728 242 485 323 269 296 404
笑:728 242 485 323 404
升:728 242 485
臣:728
苔:728 242 485 323 404
俩:728 242 485
团:728 242 485
果:728 242 485
厦:728 242 485 323 269 296 404
祥:728 242 485
吁:728 242 485
需:728 242 485
序:728 242 485
贞:728 242 485
沽:728 242 485 323 404
缘:728 242 485 323 404
囚:728 242 485
咙:728 242 485
芝:728 242 485
悠:728 242 80 26 53 161 485
最:728 242 485 323 404
桃:728 242 485
歧:728 242 485 323 404
蓄:728 242 485 323 269 296 404
谆:728 242 485 323 404 485
能:728 242 80 161 107 134 485 323 404
壳:728 242 485 323 404
卉:728 242 485
拓:728 242 485
石:728 242 485
春:728 242 485
匠:728 242 485
活:728 242 485 323 404
屠:728 242 485 323 404
熟:728 242 80 26 53 80 161 485
炕:728 242 485 323 404
撵:728 242 485 323 269 296 404
拦:728 242 485 323 404
伏:728 242 485
耸:728 242 80 161 485
干:728
己:728
渊:728 242 485 323 404 485
羊:728 242 485 323 404
萍:728 242 485 323 404 350 377
蛰:728 242 80 161 485
德:728 242 485 323 269 296 323 404
荣:728 242 485 323 404
信:728 242 485
职:728 242 485 323 404
者:728 242 485
壤:728 242 485 323 404 350 332 341 377 359 368 485
熏:728
异:728 242 485
渝:728 242 485 323 269 296 404 350 377
岳:728 242 485
霹:728 242 485 323 269 296 404 350 377
锦:728 242 485 323 404
汀:728 242 485
衬:728 242 485
法:728 242 485 323 404
汲:728 242 485
劣:728 242 80 161 485
汽:728 242 485
录:728 242 485
蒲:728 242 485 323 404
疹:728 242 485 323 404
牡:728 242 485
袁:728 242 80 161 485
曝:728 242 485 323 404 350 332 341 377
唱:728 242 485 323 404
绳:728 242 485 323 404
雷:728 242 485
听:728 242 485
素:728 242 485
旧:728 242 485
味:728 242 485
虞:728 242 485 323 404 350 377
裸:728 242 485
荤:728 242 485 323 404
博:728 242 485 323 404
苍:728 242 485 323 404
别:728 242 80 161 485
守:728 242 485
乙:728
崎:728 242 485 323 404 350 377
惰:728 242 485 323 269 296 404
扁:728 242 485 323 404
掇:728 242 485 323 269 296 404 350 377
糖:728 242 485 323 404 350 377
椒:728 242 485 323 269 296 404
讲:728 242 485
出:728 242 80 161 485
温:728 242 485 323 404
跌:728 242 80 161 485 323 404
啪:728 242 485 323 404
测:728 242 485 323 404
侄:728 242 485 323 269 296 404
彰:728 242 80 161 107 134 485
峡:728 242 485 323 404
筐:728 242 485 323 404
馁:728 242 485 323 404
弄:728 242 485
柯:728 242 485 323 404
涕:728 242 485 323 404 350 332 341 377
惕:728 242 485 323 404 350 377 359 368
系:728 242 485
竟:728 242 80 161 485
邀:728 242 485 323 269 296 404
阴:728 242 485
爸:728 242 485
匡:728 242 485
民:728
徊:728 242 485 323 404
枕:728 242 485
袄:728 242 485 323 404
吮:728 242 485 323 404
拘:728 242 485 323 404
啥:728 242 485 323 404 350 377
烘:728 242 485 323 404
奖:728 242 80 161 485
芭:728 242 485
饥:728 242 485
汾:728 242 485 323 404
就:728 242 80 161 242 485 323 404
筒:728 242 485 323 269 296 404
折:728 242 485
费:728 242 485
凰:728 242 485 323 404
肚:728 242 485
隅:728 242 485
龚:728 242 485 323 404
涛:728 242 485 323 404
癸:728 242 485 323 404
芯:728 242 485
纵:728 242 485 323 404
芦:728 242 485
览:728 242 80 161 107 134 485
裙:728 242 485 323 404
如:728 242 485
怕:728 242 485
弗:728 242 485 323 404
瓦:728
芋:728 242 485
怒:728 242 80 161 485
黎:728 242 80 161 107 134 485 323 404
杉:728 242 485
桩:728 242 485 323 404
私:728 242 485
协:728 242 485 323 404
眨:728 242 485 323 404
娱:728 242 485 323 404 350 377
筷:728 242 485 323 404
橡:728 242 485
蝗:728 242 485 323 404
克:728 242 80 161 485
仪:728 242 485 323 404
睬:728 242 485 323 404
诬:728 242 485 323 404 350 377
具:728 242 80 161 485
踢:728 242 80 161 485 323 404 350 377 359 368
沏:728 242 485 323 404
帐:728 242 485
秒:728 242 485 323 404
煽:728 242 485 323 404 350 377
聂:728 242 485 323 404
抡:728 242 485 323 404
许:728 242 485 323 404
嫩:728 242 485 323 404
蹲:728 242 80 161 485 323 269 296 404
珍:728 242 485 323 404
姜:728 242 80 161 485
夸:728 242 485 323 404
港:728 242 485 323 269 296 404
喘:728 242 485 323 404
砷:728 242 485
拷:728 242 485 323 404
死:728 242 485
徒:728 242 485 323 404
噬:728 242 485 323 404 350 377 359 368
砾:728 242 485
虐:728 242 485 323 404
炸:728 242 485
惑:728 242 80 161 107 134 485
两:728 242 485 323 404 350 377
揣:728 242 485 323 404
隔:728 242 485 323 404 485 431 413 422 458 440 449
藏:728 242 485 323 269 296 404
健:728 242 485 323 404
车:728
陇:728 242 485
琴:728 242 80 161 485 323 269 296 404
剥:728 242 80 161 485
瓤:728 242 80 161 107 89 98 134 116 125 242 485
二:728 242 485
话:728 242 485 323 404
菌:728 242 485 323 404
搭:728 242 485 323 404 350 332 341 377
澈:728 242 485 323 269 296 404 728
瘦:728 242 485 323 269 296 404
郴:728 242 80 161 485
犬:728
收:728 242 485
挠:728 242 485 323 269 251 260 296 404
保:728 242 485 323 404
措:728 242 485 323 404
恢:728 242 485 323 404
艰:728 242 485
电:728 242 485
广:728
州:728
熊:728 242 80 26 53 35 44 161 107 134 485
纤:728 242 485
泪:728 242 485
促:728 242 485 323 404
谍:728 242 485 323 404
梆:728 242 485 323 404
赂:728 242 485 323 404
赴:728 242 80 161 485
员:728 242 485
劈:728 242 80 26 53 161 107 134 485
窍:728 242 80 161 485 323 404
拙:728 242 485 323 269 296 404
撤:728 242 485 323 269 296 404 728
傈:728 242 485 323 404
睡:728 242 485
互:728 242 485
边:728 242 485
瀑:728 242 485 323 404 350 332 341 377
稽:728 242 485 323 269 296 404 350 377
柿:728 242 485 323 404
挪:728 242 485 323 269 296 404
槽:728 242 485 323 269 296 404
拽:728 242 485
赔:728 242 485 323 404
正:728 242 485
釉:728 242 485
锯:728 242 485 323 404 350 377
坟:728 242 485
酞:728 242 485 323 404
豪:728 242 80 161 242 485
救:728 242 485
份:728 242 485 323 404
捂:728 242 485 323 404
淋:728 242 485 323 404
署:728 242 485 323 404
兹:728 242 485 323 404
日:728
阶:728 242 485 323 404 350 377
珊:728 242 485
诅:728 242 485
札:728 242 485
男:728 242 485
挥:728 242 485 323 404
绿:728 242 485 323 404
藕:728 242 485 323 404
遗:728 242 485 323 269 296 404
炒:728 242 485 323 404
姥:728 242 485 323 404
土:728 242 485
邢:728 242 80 161 485
兆:728
钮:728 242 485
锐:728 242 485 323 404 350 377
痴:728 242 485 323 269 296 404
规:728 242 485
我:728
六:728 242 485
绘:728 242 485 323 404 350 377
忻:728 242 485
照:728 242 80 161 107 134 485
脖:728 242 485 323 269 296 404
评:728 242 485 323 404
捍:728 242 485 323 404
椭:728 242 485 323 404 350 377
杖:728 242 485
甄:728 242 80 161 485
昔:728 242 485
媚:728 242 485 323 404
劳:728 242 80 161 485
偷:728 242 485 323 269 296 404 350 377
氖:728 242 485
佑:728 242 485 323 404
辣:728 242 80 161 485
僳:728 242 485 323 404
纶:728 242 485 323 404
传:728 242 485
谢:728 242 485 323 404
椅:728 242 485 323 404 350 377
芍:728 242 485 323 404
致:728 242 80 26 53 161 485
浮:728 242 485 323 404
娄:728 242 485
腔:728 242 485 323 269 296 404
缀:728 242 485 323 269 296 404 350 377
钡:728 242 485
郸:728 242 80 161 107 134 485
漳:728 242 485 323 404 350 377
而:728 242 485 323 404 350 377 359 368
穿:728 242 80 161 485
侮:728 242 485 323 404
筑:728 242 485 323 404 350 377
累:728 242 485
朽:728 242 485
窃:728 242 80 161 485 323 404
命:728 242 80 161 485 323 404
义:728 242 485
忘:728 242 485
坠:728 242 80 161 485
店:728 242 485 323 404
踪:728 242 80 161 485 323 404
败:728 242 485
尧:728 242 80 26 53 161 485
砧:728 242 485 323 404
肢:728 242 485 323 404
惊:728 242 485 323 404 485
俘:728 242 485 323 404
坤:728 242 485
逝:728 242 485 323 404
犀:728 242 485 323 269 296 278 287 404
励:728 242 80 161 485
全:728 242 485
梨:728 242 80 161 485
淘:728 242 485 323 404
酮:728 242 485 323 269 296 404
捧:728 242 485 323 404 350 377
呸:728 242 485 323 404
仕:728 242 485
浚:728 242 485 323 404 485
浊:728 242 485
犯:728 242 485
巨:728
宽:728 242 485 323 404
品:728 242 485 323 404
洞:728 242 485 323 269 296 404
渭:728 242 485 323 404
伊:728 242 485
暂:728 242 80 161 485
越:728 242 80 161 485
晰:728 242 485 323 404
靶:728 242 485
向:728 242 80 161 485
娃:728 242 485 323 404
蕴:728 242 485 323 404 350 377
通:728 242 485 323 404 350 377 359 368
悲:728 242 485
侦:728 242 485 323 404
线:728 242 485
蒙:728 242 485 323 404 485
才:728
杠:728 242 485
输:728 242 485 323 269 296 404 350 377
彼:728 242 485
雾:728 242 485 323 404
镭:728 242 485 323 404
基:728 242 80 26 53 161 485
生:728
签:728 242 485 323 269 296 404 485
希:728 242 485 323 404
氢:728 242 485 323 404
嗣:728 242 80 161 107 134 485 323 404 350 377
凄:728 242 485 323 269 296 278 287 404
磐:728 242 80 161 107 134 485
节:728 242 485 323 404
辊:728 242 485 323 404
辉:728 242 80 161 485 323 404
缎:728 242 485 323 404 350 377
区:728 242 485
五:728 242 485
猩:728 242 485 323 404
鹤:728 242 80 161 485 323 404
堆:728 242 485
噶:728 242 485 323 404 350 377 359 368 362 365
礁:728 242 485 323 404
肃:728
嘴:728 242 485 323 269 296 404
洗:728 242 485 323 404
斡:728 242 80 161 107 134 485 323 404
仰:728 242 485 323 404
档:728 242 485 323 404
椎:728 242 485
班:728 242 485 728
躺:728 242 485 323 404 350 377
降:728 242 485 323 404
晨:728 242 485 323 404 350 377 359 368 362 365
锻:728 242 485 323 404 350 377
登:728 242 485
卵:728 242 80 161 485 323 404
漓:728 242 485 323 269 296 278 287 404
脑:728 242 485 323 404 350 377
稍:728 242 485 323 404
性:728 242 485
摊:728 242 485 323 404
叛:728 242 80 161 107 134 485 323 404
延:728 242 485 323 404
捎:728 242 485 323 404
碘:728 242 485 323 404
浸:728 242 485 323 269 296 404 485
龋:728 242 485
俗:728 242 485
驻:728 242 80 161 485 323 404
讽:728 242 485 323 404
谁:728 242 485
殿:728 242 80 161 107 134 485 323 404
疯:728 242 485 323 404
期:728 242 80 26 53 161 485
泻:728 242 485 323 404 350 377
豌:728 242 485 323 404 350 377
迅:728 242 485 323 404
蹬:728 242 80 161 485 323 404
欧:728 242 80 161 485
唤:728 242 485 323 404 485
勘:728 242 80 161 107 134 485
谷:728
欢:728 242 485
丁:728 242 485
擒:728 242 485 323 404 350 332 341 335 338 377
蓖:728 242 485 323 269 251 260 296 404
练:728 242 485
臃:728 242 485 323 404 350 377
御:728 242 485 323 269 296 278 287 404
妈:728 242 485 323 404
痘:728 242 485
趟:728 242 80 161 485 323 404 350 377
楷:728 242 485 323 404
齿:728
鹅:728 242 485 323 404
枫:728 242 485 323 404
头:728
霞:728 242 485 323 404 350 377
甚:728 242 485 323 404
乃:728 242 485
豆:728
秉:728 242 485 323 404
钢:728 242 485 323 404
气:728 242 485 728
魁:728 242 485
硷:728 242 485 323 269 296 404 485
顾:728 242 80 161 485
斗:728
净:728 242 485 323 404 350 332 341 377
船:728 242 485 323 404
虱:728 242 485 323 404
遏:728 242 485 323 404 350 377 359 368
猴:728 242 485 323 404 350 377 359 368
酗:728 242 485 323 404
稀:728 242 485 323 404 350 377
窖:728 242 80 161 485 323 404
拟:728 242 485
惟:728 242 485
罐:728 242 485 323 404 350 332 341 377
尝:728 242 80 161 485 323 404
琐:728 242 485 323 404
板:728 242 485 323 404
诚:728 242 485 323 404
隶:728
焕:728 242 485 323 404 485
其:728 242 80 161 485
赚:728 242 485 323 404 350 332 341 377
您:728 242 80 161 107 134 485
余:728 242 80 161 485
确:728 242 485
鲜:728 242 80 161 242 485
比:728
诌:728 242 485 323 404
熬:728 242 80 26 53 35 44 161 485
诞:728 242 485 323 404 350 377
搅:728 242 485 323 404 485
竹:728 242 80 161 485 323 404
毋:728
亥:728 242 485 323 404 728
腥:728 242 485 323 404
斜:728 242 80 26 53 161 485
惺:728 242 485 323 404
葛:728 242 485 323 404 350 377 359 368
蝎:728 242 485 323 404 350 377 359 368
断:728 242 80 161 485
鱼:728 242 485 728
维:728 242 485
溉:728 242 485 323 404
赏:728 242 80 26 53 161 485
顿:728 242 485
似:728 242 485
来:728
刻:728 242 80 161 107 134 242 485
争:728 242 485 323 269 296 404
瞪:728 242 485 323 404
暇:728 242 485 323 404 350 377
蓟:728 242 485 323 269 296 323 404
欣:728 242 485
咳:728 242 485 323 404 350 377 485
飘:728 242 80 161 485 323 404
茶:728 242 485 728
面:728 242 485 323 404
爽:728 242 485 323 269 296 404 350 377
捡:728 242 485 323 269 296 404 485
牲:728 242 485
烯:728 242 485 323 404 350 377
称:728 242 485 323 404
凝:728 242 485 323 269 296 278 287 404 350 377
耀:728 242 80 161 485 323 269 296 404
鳖:728 242 80 161 485 323 404 485
毅:728 242 80 161 485 323 404
预:728 242 485
掀:728 242 485 323 404
锨:728 242 485 323 404
獭:728 242 485 323 404 350 377
骂:728 242 80 161 485 323 404
碾:728 242 485 323 404 350 377 359 368 362 365
彭:728 242 80 161 485
换:728 242 485 323 404 485
攀:728 242 80 26 53 35 44 80 161 485
腾:728 242 485 323 269 296 404 350 377
推:728 242 485
涤:728 242 485 323 404
玛:728 242 485 323 404
裳:728 242 80 26 53 161 485
鸣:728 242 485 323 404
坞:728 242 485 323 404
瘫:728 242 485 323 404
项:728 242 485
驾:728 242 80 161 485 323 404
榔:728 242 485 323 269 296 404
侵:728 242 485 323 269 296 404 485
候:728 242 80 161 485 323 404 350 377
猾:728 242 485 323 404
卸:728 242 80 161 107 134 485
喝:728 242 485 323 404 350 377 359 368
灌:728 242 485 323 404 350 332 341 377
光:728 242 485
挛:728 242 80 161 485
坎:728 242 485
橙:728 242 485 323 404
昆:728 242 485
鹃:728 242 80 161 485 323 404
豁:728 242 80 26 53 161 485
浩:728 242 485 323 404
毁:728 242 80 161 485 323 404
羡:728 242 80 161 485 323 404
弯:728 242 80 161 485
赞:728 242 80 26 53 161 107 134 485
瞬:728 242 485 323 269 296 404 350 377
樊:728 242 80 161 107 134 242 485
步:728 242 485
垢:728 242 485 323 269 296 404
蟹:728 242 80 161 107 134 485
醒:728 242 485 323 404
甥:728 242 485 323 404
剑:728 242 80 26 53 161 242 485
馏:728 242 485 323 269 296 404
急:728 242 80 161 485
成:728 242 485
漱:728 242 485 323 404
版:728 242 485 323 404
搬:728 242 485 323 404 350 377
凳:728 242 80 161 485
骸:728 242 80 161 485 323 404 350 377 485
胜:728 242 485
逮:728 242 485
风:728 242 485
驭:728 242 80 161 485
盛:728 242 80 161 485
卫:728 242 80 161 485
兜:728 242 80 161 242 485
象:728 242 485 323 404 728
额:728 242 80 161 107 134 485
旋:728 242 485 323 404
鳞:728 242 80 161 242 485 323 404 350 377
雄:728 242 80 161 485
雕:728 242 80 161 107 134 485
短:728 242 80 161 485
七:728 242 485
嚼:728 242 485 323 404 485 431 458
颖:728 242 80 161 485
溜:728 242 485 323 269 296 404
髓:728 242 80 161 485 323 404 350 332 341 377
锁:728 242 485 323 404
喜:728 242 80 161 485
雏:728 242 80 161 485
汹:728 242 485 323 404
剩:728 242 80 161 107 134 485
骆:728 242 80 161 485 323 404
投:728 242 485 323 404
兔:728 242 80 161 485
阂:728 242 485 323 404 350 377 485
角:728
实:728 242 485
腆:728 242 485 323 404
渔:728 242 485 323 404 485
霍:728 242 485
谐:728 242 485 323 404
颤:728 242 80 26 53 35 44 161 107 134 485
傲:728 242 485 323 269 296 278 287 404
拣:728 242 485
扳:728 242 485 323 404
劲:728 242 80 161 485
刁:728 242 485
集:728 242 485
段:728 242 485 323 404
驹:728 242 80 161 485 323 404
赠:728 242 485 323 404 350 332 341 377
峭:728 242 485 323 404
经:728 242 485 323 404
俏:728 242 485 323 404
司:728 242 485 323 404
澎:728 242 485 323 269 296 404
糠:728 242 485 323 404
饮:728 242 485
炼:728 242 485
蚂:728 242 485 323 404
廉:728 242 485 323 404 350 332 341 377
抑:728 242 485 323 404
隐:728 242 485 323 269 296 404
郝:728 242 80 161 485
鸡:728 242 485 323 404
杂:728 242 485
狰:728 242 485 323 404 350 332 341 377
削:728 242 80 161 485
截:728 242 80 161 485
鹏:728 242 80 161 485 323 404
浴:728 242 485
离:728 242 80 161 107 134 485
陋:728 242 485 323 404 350 377
欺:728 242 80 26 53 161 485
壹:728 242 485 728
搽:728 242 485 323 404 485
轻:728 242 485 323 404
靠:728 242 80 161 485
瞻:728 242 485 323 269 296 404 350 377
篱:728 242 485 323 269 296 278 287 404
皆:728 242 485
撕:728 242 485 323 269 251 260 296 404
在:728 242 485
页:728
不:728 242 485
棋:728 242 485 323 269 296 404
旅:728 242 485 323 404
裕:728 242 485
觉:728 242 485 728
刀:728 242 485
卿:728 242 485 728
饲:728 242 485 323 404 350 377
习:728 242 485
除:728 242 485 323 269 296 404
妻:728 242 80 161 107 134 485
磷:728 242 485 323 404 350 377
蛛:728 242 485
歉:728 242 80 161 107 89 98 134 485
谦:728 242 485 323 404 350 332 341 377
消:728 242 485 323 404
抖:728 242 485
淌:728 242 485 323 404 350 377
毕:728 242 485
背:728 242 80 161 485
焦:728 242 485
缅:728 242 485 323 404 350 377
宪:728 242 485 323 404
梢:728 242 485 323 404
荐:728 242 485 323 404
骏:728 242 80 161 485 323 404 485
顶:728 242 485
北:728 242 485
煞:728 242 80 26 53 161 485
姓:728 242 485
遁:728 242 485 323 404 350 377
丝:728 242 80 161 485
冀:728 242 80 161 485 323 404 350 377
驴:728 242 80 161 485
燃:728 242 485 323 269 251 260 296 404
禽:728 242 485 323 269 296 278 287 404
滦:728 242 485 323 269 296 404
詹:728 242 80 161 485 323 404
呕:728 242 485 323 404
穗:728 242 485 323 404
衡:728 242 485 323 404 485 728 566 647
党:728 242 80 161 485 323 404
变:728 242 80 161 485
词:728 242 485 323 404 350 377
察:728 242 485 323 269 251 260 296 404
慷:728 242 485 323 404
姬:728 242 485
夕:728 242 485
颓:728 242 80 161 485
乖:728 242 485 323 404
雅:728 242 485
杀:728 242 485
常:728 242 80 26 53 161 485
幌:728 242 485 323 404 350 377
骨:728 242 485
黑:728 242 485
翟:728 242 80 161 485
迎:728 242 485 323 404
冕:728 242 80 161 485 323 404
徐:728 242 485 323 269 296 404
汛:728 242 485 323 404
卤:728 242 485 323 404
鹊:728 242 80 161 485 323 404
硝:728 242 485 323 404
滩:728 242 485 323 404
竭:728 242 485 323 404 350 377 359 368
侯:728 242 485 323 404 350 377
殷:728 242 485 323 404
擦:728 242 485 323 404 350 332 326 329 341 377
骤:728 242 80 161 485 323 269 296 404
肖:728 242 485
颊:728 242 80 161 485
噎:728 242 485 323 404 485
颇:728 242 485
滑:728 242 485 323 404
雍:728 242 485 323 404
刹:728 242 80 161 485
蓉:728 242 485 323 404
熙:728 242 80 161 485
先:728 242 485
径:728 242 485 323 404
色:728 242 485
燕:728 242 485 323 269 296 404 728
骑:728 242 80 161 485 323 404 350 377
泼:728 242 485
晚:728 242 485 323 404
途:728 242 485 323 269 296 404
臀:728 242 80 26 53 35 44 161 107 134 485
孩:728 242 485 323 404 350 377 485
钨:728 242 485 323 404
力:728 242 485
呜:728 242 485 323 404
庇:728 242 485
爵:728 242 485 728 566 647
榴:728 242 485 323 269 296 404
寝:728 242 485 323 404 350 332 341 377 404
危:728 242 80 161 485
科:728 242 485
挡:728 242 485 323 404
应:728 242 485 323 404
铣:728 242 485 323 404
箕:728 242 485 323 269 296 404
没:728 242 485 323 404
嚣:728 242 80 161 485 728 566 647
恋:728 242 80 161 485
犊:728 242 485 323 404 350 377
雇:728 242 485
叙:728 242 80 26 53 161 485
嫌:728 242 485 323 404 350 332 341 377
尹:728 242 80 161 485
畏:728 242 485 728 566 647 593 620
毗:728 242 485
鸯:728 242 485 323 404
次:728 242 485
顷:728 242 485
朗:728 242 80 161 485
啮:728 242 485
唯:728 242 485
搀:728 242 485 323 269 296 404
混:728 242 485 323 404
鼠:728 242 485
般:728 242 485 323 404
镰:728 242 485 323 404 350 377 359 353 356 368
恼:728 242 485 323 404 350 377
盾:728 242 485 323 404
桅:728 242 485 323 269 296 404
卯:728 242 485
熔:728 242 485 323 404
廊:728 242 485 323 269 296 404
新:728 242 80 161 485
吗:728 242 485 323 404
俭:728 242 485 323 269 296 404 485
懈:728 242 485 323 404 350 377
当:728 242 485
鸭:728 242 485 323 404
雀:728 242 485
领:728 242 80 26 53 161 485
撑:728 242 485 323 269 251 260 296 404
嘉:728 242 80 161 485 323 404
朱:728
捣:728 242 485 323 404
嵌:728 242 485 323 404
沤:728 242 485 323 404
写:728 242 485 323 404
炊:728 242 485
刚:728 242 80 161 485
赤:728 242 485
役:728 242 485 323 404
瓷:728 242 80 161 485
骡:728 242 80 161 485 323 404
璃:728 242 485 323 269 296 278 287 404
斯:728 242 80 26 53 161 485
颅:728 242 80 161 485
挣:728 242 485 323 404 350 332 341 377
设:728 242 485 323 404
孵:728 242 80 26 53 161 107 134 485 323 404
岛:728 242 485
砒:728 242 485
蛮:728 242 80 161 485
欠:728
澄:728 242 485 323 404
兼:728 242 485 323 269 296 404
懒:728 242 485 323 404 350 377
偿:728 242 485 323 269 296 404 350 377
褐:728 242 485 323 404 350 377 359 368
条:728 242 485
造:728 242 485 323 404
潍:728 242 485 323 404
频:728 242 80 161 485
滁:728 242 485 323 404 350 332 341 377
撅:728 242 485 323 404 350 332 341 335 338 377
留:728 242 80 161 485
亡:728 242 485
城:728 242 485 323 404
欲:728 242 485
饭:728 242 485 323 404
乌:728 242 485
矛:728 242 485 323 269 296 404
戳:728 242 80 26 53 161 485
婿:728 242 485 323 404
揩:728 242 485 323 404
增:728 242 485 323 404 350 332 341 377
题:728 242 80 161 107 134 485
然:728 242 80 26 53 161 485
尚:728 242 485 323 404
勉:728 242 80 161 485
你:728 242 485 323 404
买:728 242 485
雁:728 242 485 323 404
脆:728 242 485 323 269 296 404
傻:728 242 485 323 269 251 245 248 260 296 404
既:728 242 485
携:728 242 485 323 404
乘:728 242 485 323 404
萧:728 242 485
疏:728 242 485 323 269 296 404 350 377
赡:728 242 485 323 269 296 404 350 377
骇:728 242 80 161 485 323 404 350 377 485
娩:728 242 485 323 404
霄:728 242 485 323 404
莱:728 242 485
骚:728 242 80 161 485 323 269 296 404
涣:728 242 485 323 404 485
摧:728 242 485 323 404
驱:728 242 80 161 485 323 404
孪:728 242 80 161 485
绝:728 242 485 323 404
反:728 242 485
湾:728 242 485 323 269 296 404
鲸:728 242 80 161 242 485 323 404 485
颐:728 242 485
恍:728 242 485 323 404
躯:728 242 485 323 404
垂:728 242 485 728
赵:728 242 80 161 485
赘:728 242 80 26 53 35 44 161 485
隆:728 242 485 323 404 350 377
骄:728 242 80 161 485 323 269 296 404 350 377
湛:728 242 485 323 404 350 377
循:728 242 485 323 404 350 377
娠:728 242 485 323 404 350 377 359 368 362 365
喂:728 242 485 323 404 485 431 458 440 449
资:728 242 80 161 485
涎:728 242 485 323 404 350 377
选:728 242 485 323 404
之:728 242 485
骗:728 242 80 161 485 323 404 350 377
吹:728 242 485
倾:728 242 485 323 404
啸:728 242 485
酷:728 242 485 323 404
续:728 242 485 323 404 350 377
峦:728 242 80 161 485
宵:728 242 485 323 404
展:728 242 485 323 404 350 377 359 368
钦:728 242 485
攒:728 242 485 323 269 251 260 296 278 287 404
嚏:728 242 485 323 269 296 404 485
兴:728 242 485 728
祭:728 242 80 26 53 161 485
伺:728 242 485 323 404 350 377
纲:728 242 485 323 404
弥:728 242 485 323 404
淮:728 242 485
烃:728 242 485 323 404
厨:728 242 485 323 404
誉:728 242 80 161 242 485
容:728 242 485
险:728 242 485 323 269 296 404 485
返:728 242 485 323 404
举:728 242 80 161 242 485 323 404
鼓:728 242 80 161 485 323 404
睁:728 242 485 323 404 350 332 341 377
枢:728 242 485 323 404
与:728 242 485
褥:728 242 485 323 269 296 278 287 281 284 282 283 404
榷:728 242 485 323 404
斤:728 242 485 323 404
鞘:728 242 485 323 404
毖:728 242 485
尔:728 242 485
存:728 242 485
疫:728 242 485 323 404
解:728 242 485 323 404
堪:728 242 485 323 404 350 377
癣:728 242 485 323 269 296 323 404
岗:728 242 485 323 404
窿:728 242 80 161 485 323 404 350 377 359 368
抠:728 242 485 323 404
稳:728 242 485 323 269 296 404
挽:728 242 485 323 404
蔬:728 242 485 323 404 350 332 341 377 359 368
驼:728 242 80 161 485 323 404
典:728 242 485
攫:728 242 485 323 269 251 260 296 404
免:728 242 485
骋:728 242 80 161 485 323 404
膨:728 242 485 323 269 296 404
星:728 242 485
砍:728 242 485
赦:728 242 80 161 485
颜:728 242 80 26 8 17 53 161 485
氦:728 242 485 323 404 350 377 485
炙:728 242 80 161 485
鸟:728 242 485
鸳:728 242 80 161 485 323 404
料:728 242 485
码:728 242 485 323 404
鲁:728 242 80 161 242 485
郎:728 242 80 161 485
蔼:728 242 485 323 404 350 377 359 368 362 365
麓:728 242 80 161 485 323 269 296 278 287 281 284 404
鸿:728 242 80 161 485 323 404
蔡:728 242 485 323 269 251 260 296 404
惠:728 242 485
蛋:728 242 485
嘻:728 242 485 323 269 296 404
亲:728 242 485
逗:728 242 485
鲤:728 242 80 161 242 485
珠:728 242 485
假:728 242 485 323 404 350 377
赫:728 242 80 161 485 323 404
催:728 242 485 323 404
准:728 242 485
闯:728 242 485 323 404
蘸:728 242 485 323 404 350 377
冤:728 242 485 323 269 296 404
憎:728 242 485 323 404 350 332 341 377
驶:728 242 80 161 485
嗽:728 242 485 323 404
茎:728 242 485 323 404
殊:728 242 485
濒:728 242 485 323 269 296 404
以:728
棠:728 242 80 26 53 161 485
须:728 242 485
迹:728 242 485 323 404
蹭:728 242 80 161 485 323 404 350 332 341 377
哨:728 242 485 323 404
了:728 242 485
堂:728 242 80 26 53 161 485
业:728 242 485
痉:728 242 485 323 404
斟:728 242 80 161 107 134 485
软:728 242 485
峪:728 242 485
顺:728 242 485
鹿:728 242 80 161 107 134 116 125 485
触:728 242 485
马:728 242 485
瘤:728 242 485 323 269 296 404
难:728 242 485
敞:728 242 80 161 107 134 485
颠:728 242 80 161 107 89 98 134 485
胸:728 242 485 323 404 350 377
颁:728 242 80 161 485
印:728 242 485
派:728 242 485 323 404
颂:728 242 80 161 485
棍:728 242 485 323 404
茬:728 242 485 323 404
薪:728 242 485 323 269 296 404
辱:728 242 80 161 107 134 116 125 119 122 485
绦:728 242 485 323 404
僧:728 242 485 323 404 350 332 341 377
冈:728 242 485
验:728 242 80 161 485 323 269 296 404 485
楚:728 242 80 161 485
驰:728 242 80 161 485
涉:728 242 485 323 404
琵:728 242 80 161 485
振:728 242 485 323 404 350 377 359 368 362 365
痪:728 242 485 323 404 485
诛:728 242 485
震:728 242 485 323 404 350 377 359 368 362 365
读:728 242 485 323 404 350 377
赎:728 242 485 323 404 350 377
掌:728 242 80 26 53 161 485
舞:728 242 80 161 242 485 323 404
鸦:728 242 485 323 404
雌:728 242 80 161 485
水:728 242 485 728 566 647
慨:728 242 485 323 404
馋:728 242 485 323 269 296 404
锥:728 242 485
盗:728 242 80 161 485
颗:728 242 485
蜒:728 242 485 323 404 350 377
晃:728 242 485 323 404
屑:728 242 485 323 404
严:728 242 485 728
皱:728 242 80 161 485
款:728 242 80 161 485
鸥:728 242 80 161 485 323 404
敛:728 242 80 26 53 161 242 485
鳃:728 242 80 161 242 485 323 404
网:728 242 485 323 404
渴:728 242 485 323 404 350 377 359 368
焉:728 242 80 161 485 323 404
颈:728 242 80 161 485
蔫:728 242 485 323 269 296 404 350 377
疑:728 242 80 161 107 134 485 323 404
敖:728 242 80 161 107 134 485
株:728 242 485
龟:728 242 485 323 404
龄:728 242 485 323 269 296 404
售:728 242 485
学:728 242 485 728
昂:728 242 485 323 404
舜:728 242 80 161 485 323 404
该:728 242 485 323 404 350 377 485
辨:728 242 80 161 485 728 566 647
贩:728 242 485 323 404
万:728 242 485 323 404
毙:728 242 485 323 404
邹:728 242 80 161 485
淆:728 242 485 323 404 350 377
方:728 242 485 323 404
驳:728 242 80 161 485 323 404
屁:728 242 485
瞧:728 242 485 323 404
后:728 242 80 161 485
茨:728 242 485 323 404
颧:728 242 80 161 107 89 98 134 485
赖:728 242 485 323 404
陛:728 242 485 323 404
拨:728 242 485
驮:728 242 80 161 485
殴:728 242 80 161 485 323 404
曾:728 242 485 323 269 296 404
质:728 242 485 323 404
倘:728 242 485 323 404 350 377
鹰:728 242 80 161 107 134 485 323 404
烦:728 242 485
舆:728 242 80 26 53 161 242 485
溶:728 242 485 323 404
硕:728 242 485
核:728 242 485 323 404 350 377 485
趋:728 242 80 161 485 323 404
凶:728 242 485
诡:728 242 485 323 269 296 404
谗:728 242 485 323 269 296 404
歌:728 242 80 26 53 161 107 134 485
崔:728 242 485
喉:728 242 485 323 404 350 377 359 368
橱:728 242 485 323 404 350 377
辰:728 242 485 323 404 350 377 359 368
歇:728 242 80 161 107 134 116 125 485
稚:728 242 485
膛:728 242 485 323 269 251 260 296 404
冯:728 242 485 323 404
辗:728 242 485 323 404 350 377 359 368 362 365
废:728 242 485
静:728 242 80 161 485 323 404 350 332 341 377
检:728 242 485 323 269 296 404 485
发:728
涂:728 242 485 323 269 296 404
亦:728 242 485
艳:728 242 485 323 404
跪:728 242 80 161 485 323 269 296 404
驯:728 242 80 161 485
唇:728 242 80 161 107 134 116 125 119 122 485
继:728 242 485 323 404
鸽:728 242 80 26 53 161 485 323 404
康:728 242 485
姿:728 242 80 161 485
鼎:728 242 485
旗:728 242 485 323 404 350 332 341 377
鲍:728 242 80 161 242 485 323 404
顽:728 242 80 161 485
匈:728 242 485 323 404
贸:728 242 80 161 485
幻:728 242 485
铅:728 242 485 323 404
负:728 242 485
糙:728 242 485 323 404 350 377
庚:728 242 485 323 269 296 404
告:728 242 485
概:728 242 485 323 404
嘶:728 242 485 323 269 251 260 296 404
卖:728 242 485 323 404
批:728 242 485
局:728 242 485 323 404
逸:728 242 485 323 269 296 404
揭:728 242 485 323 404 350 377 359 368
即:728 242 485
讯:728 242 485 323 404
蕉:728 242 485 323 404
咨:728 242 80 161 485
承:728
鸵:728 242 80 161 485 323 404
股:728 242 485 323 404
销:728 242 485 323 404
屿:728 242 485 323 404
予:728 242 485 323 404
悄:728 242 485 323 404
脸:728 242 485 323 269 296 404 485
丧:728 242 80 161 485 323 404 350 377
厩:728 242 485 323 404
